,smpnum,reqnum,errors,status,model,num_users,requests,latency_ms,records,n_gpus,gpu_type,start_timestamp,end_timestamp,experiment_duration_s,n_input_tokens,n_output_tokens,latency_ms_per_token,timestamps_per_token
0,879,0,[],200,google/flan-ul2,1,1,1423.0,1,2,H100,1697082584968,1697082586391,120,39,55,"[9, 94, 28, 24, 24, 24, 24, 24, 24, 25, 25, 24, 24, 24, 24, 24, 24, 24, 24, 24, 24, 24, 24, 29, 25, 23, 24, 24, 24, 24, 24, 24, 24, 24, 24, 24, 24, 24, 24, 24, 24, 24, 24, 24, 25, 24, 24, 24, 25, 24, 24, 33, 26, 24, 24, 24]","[1697082584977, 1697082585071, 1697082585099, 1697082585123, 1697082585147, 1697082585171, 1697082585195, 1697082585219, 1697082585243, 1697082585268, 1697082585293, 1697082585317, 1697082585341, 1697082585365, 1697082585389, 1697082585413, 1697082585437, 1697082585461, 1697082585485, 1697082585509, 1697082585533, 1697082585557, 1697082585581, 1697082585610, 1697082585635, 1697082585658, 1697082585682, 1697082585706, 1697082585730, 1697082585754, 1697082585778, 1697082585802, 1697082585826, 1697082585850, 1697082585874, 1697082585898, 1697082585922, 1697082585946, 1697082585970, 1697082585994, 1697082586018, 1697082586042, 1697082586066, 1697082586090, 1697082586115, 1697082586139, 1697082586163, 1697082586187, 1697082586212, 1697082586236, 1697082586260, 1697082586293, 1697082586319, 1697082586343, 1697082586367, 1697082586391]"
1,562,1,[],200,google/flan-ul2,1,1,1010.0,1,2,H100,1697082586392,1697082587402,120,67,39,"[9, 72, 31, 24, 24, 24, 23, 32, 24, 24, 23, 24, 24, 24, 23, 24, 24, 24, 24, 24, 24, 24, 24, 24, 23, 25, 25, 23, 24, 24, 23, 24, 24, 24, 23, 32, 24, 24, 23, 24]","[1697082586401, 1697082586473, 1697082586504, 1697082586528, 1697082586552, 1697082586576, 1697082586599, 1697082586631, 1697082586655, 1697082586679, 1697082586702, 1697082586726, 1697082586750, 1697082586774, 1697082586797, 1697082586821, 1697082586845, 1697082586869, 1697082586893, 1697082586917, 1697082586941, 1697082586965, 1697082586989, 1697082587013, 1697082587036, 1697082587061, 1697082587086, 1697082587109, 1697082587133, 1697082587157, 1697082587180, 1697082587204, 1697082587228, 1697082587252, 1697082587275, 1697082587307, 1697082587331, 1697082587355, 1697082587378, 1697082587402]"
2,156,2,[],200,google/flan-ul2,1,1,541.0,1,2,H100,1697082587403,1697082587944,120,86,20,"[5, 70, 28, 23, 24, 24, 23, 33, 23, 24, 24, 24, 24, 24, 24, 24, 24, 24, 24, 24, 24]","[1697082587408, 1697082587478, 1697082587506, 1697082587529, 1697082587553, 1697082587577, 1697082587600, 1697082587633, 1697082587656, 1697082587680, 1697082587704, 1697082587728, 1697082587752, 1697082587776, 1697082587800, 1697082587824, 1697082587848, 1697082587872, 1697082587896, 1697082587920, 1697082587944]"
3,669,3,[],200,google/flan-ul2,1,1,519.0,1,2,H100,1697082587945,1697082588464,120,83,20,"[5, 52, 24, 24, 24, 24, 23, 24, 23, 24, 24, 24, 24, 24, 32, 24, 24, 24, 24, 24, 24]","[1697082587950, 1697082588002, 1697082588026, 1697082588050, 1697082588074, 1697082588098, 1697082588121, 1697082588145, 1697082588168, 1697082588192, 1697082588216, 1697082588240, 1697082588264, 1697082588288, 1697082588320, 1697082588344, 1697082588368, 1697082588392, 1697082588416, 1697082588440, 1697082588464]"
4,227,4,[],200,google/flan-ul2,1,1,671.0,1,2,H100,1697082588465,1697082589136,120,364,25,"[5, 86, 25, 23, 34, 23, 24, 24, 24, 23, 24, 24, 24, 23, 24, 24, 24, 23, 24, 24, 23, 24, 24, 24, 24, 23]","[1697082588470, 1697082588556, 1697082588581, 1697082588604, 1697082588638, 1697082588661, 1697082588685, 1697082588709, 1697082588733, 1697082588756, 1697082588780, 1697082588804, 1697082588828, 1697082588851, 1697082588875, 1697082588899, 1697082588923, 1697082588946, 1697082588970, 1697082588994, 1697082589017, 1697082589041, 1697082589065, 1697082589089, 1697082589113, 1697082589136]"
5,747,5,[],200,google/flan-ul2,1,1,914.0,1,2,H100,1697082589137,1697082590051,120,140,36,"[5, 55, 23, 24, 24, 24, 32, 23, 24, 24, 23, 24, 24, 24, 24, 24, 24, 24, 24, 33, 23, 25, 24, 24, 24, 24, 24, 24, 24, 24, 24, 24, 24, 24, 24, 24, 24]","[1697082589142, 1697082589197, 1697082589220, 1697082589244, 1697082589268, 1697082589292, 1697082589324, 1697082589347, 1697082589371, 1697082589395, 1697082589418, 1697082589442, 1697082589466, 1697082589490, 1697082589514, 1697082589538, 1697082589562, 1697082589586, 1697082589610, 1697082589643, 1697082589666, 1697082589691, 1697082589715, 1697082589739, 1697082589763, 1697082589787, 1697082589811, 1697082589835, 1697082589859, 1697082589883, 1697082589907, 1697082589931, 1697082589955, 1697082589979, 1697082590003, 1697082590027, 1697082590051]"
6,333,6,[],200,google/flan-ul2,1,1,305.0,1,2,H100,1697082590052,1697082590357,120,563,11,"[4, 56, 23, 24, 24, 23, 24, 23, 24, 23, 33, 24]","[1697082590056, 1697082590112, 1697082590135, 1697082590159, 1697082590183, 1697082590206, 1697082590230, 1697082590253, 1697082590277, 1697082590300, 1697082590333, 1697082590357]"
7,854,7,[],200,google/flan-ul2,1,1,732.0,1,2,H100,1697082590358,1697082591090,120,67,29,"[4, 53, 23, 24, 23, 24, 24, 23, 24, 24, 23, 34, 24, 24, 23, 24, 24, 24, 24, 23, 24, 24, 24, 23, 25, 23, 24, 24, 24, 24]","[1697082590362, 1697082590415, 1697082590438, 1697082590462, 1697082590485, 1697082590509, 1697082590533, 1697082590556, 1697082590580, 1697082590604, 1697082590627, 1697082590661, 1697082590685, 1697082590709, 1697082590732, 1697082590756, 1697082590780, 1697082590804, 1697082590828, 1697082590851, 1697082590875, 1697082590899, 1697082590923, 1697082590946, 1697082590971, 1697082590994, 1697082591018, 1697082591042, 1697082591066, 1697082591090]"
8,419,8,[],200,google/flan-ul2,1,1,520.0,1,2,H100,1697082591091,1697082591611,120,88,20,"[4, 53, 24, 24, 24, 25, 23, 24, 24, 31, 24, 24, 24, 24, 24, 24, 24, 24, 23, 24, 25]","[1697082591095, 1697082591148, 1697082591172, 1697082591196, 1697082591220, 1697082591245, 1697082591268, 1697082591292, 1697082591316, 1697082591347, 1697082591371, 1697082591395, 1697082591419, 1697082591443, 1697082591467, 1697082591491, 1697082591515, 1697082591539, 1697082591562, 1697082591586, 1697082591611]"
9,4,9,[],200,google/flan-ul2,1,1,520.0,1,2,H100,1697082591612,1697082592132,120,89,20,"[4, 63, 24, 24, 23, 24, 24, 23, 24, 23, 25, 24, 23, 24, 24, 23, 24, 24, 24, 25, 24]","[1697082591616, 1697082591679, 1697082591703, 1697082591727, 1697082591750, 1697082591774, 1697082591798, 1697082591821, 1697082591845, 1697082591868, 1697082591893, 1697082591917, 1697082591940, 1697082591964, 1697082591988, 1697082592011, 1697082592035, 1697082592059, 1697082592083, 1697082592108, 1697082592132]"
10,526,10,[],200,google/flan-ul2,1,1,523.0,1,2,H100,1697082592133,1697082592656,120,89,20,"[4, 53, 24, 24, 24, 24, 24, 33, 24, 24, 24, 24, 24, 24, 24, 24, 24, 24, 24, 25, 24]","[1697082592137, 1697082592190, 1697082592214, 1697082592238, 1697082592262, 1697082592286, 1697082592310, 1697082592343, 1697082592367, 1697082592391, 1697082592415, 1697082592439, 1697082592463, 1697082592487, 1697082592511, 1697082592535, 1697082592559, 1697082592583, 1697082592607, 1697082592632, 1697082592656]"
11,85,11,[],200,google/flan-ul2,1,1,522.0,1,2,H100,1697082592657,1697082593179,120,88,20,"[4, 56, 24, 24, 24, 25, 24, 24, 24, 24, 24, 25, 24, 25, 25, 24, 24, 24, 24, 24, 26]","[1697082592661, 1697082592717, 1697082592741, 1697082592765, 1697082592789, 1697082592814, 1697082592838, 1697082592862, 1697082592886, 1697082592910, 1697082592934, 1697082592959, 1697082592983, 1697082593008, 1697082593033, 1697082593057, 1697082593081, 1697082593105, 1697082593129, 1697082593153, 1697082593179]"
12,597,12,[],200,google/flan-ul2,1,1,58.0,1,2,H100,1697082593180,1697082593238,120,39,1,"[4, 54]","[1697082593184, 1697082593238]"
13,189,13,[],200,google/flan-ul2,1,1,529.0,1,2,H100,1697082593238,1697082593767,120,88,20,"[5, 52, 24, 32, 24, 24, 24, 24, 24, 24, 24, 24, 24, 24, 24, 24, 24, 33, 24, 23, 24]","[1697082593243, 1697082593295, 1697082593319, 1697082593351, 1697082593375, 1697082593399, 1697082593423, 1697082593447, 1697082593471, 1697082593495, 1697082593519, 1697082593543, 1697082593567, 1697082593591, 1697082593615, 1697082593639, 1697082593663, 1697082593696, 1697082593720, 1697082593743, 1697082593767]"
14,704,14,[],200,google/flan-ul2,1,1,57.0,1,2,H100,1697082593768,1697082593825,120,14,1,"[5, 52]","[1697082593773, 1697082593825]"
15,379,15,[],200,google/flan-ul2,1,1,508.0,1,2,H100,1697082593826,1697082594334,120,182,20,"[4, 55, 23, 23, 24, 24, 23, 24, 24, 23, 24, 23, 24, 24, 23, 24, 24, 24, 23, 24, 24]","[1697082593830, 1697082593885, 1697082593908, 1697082593931, 1697082593955, 1697082593979, 1697082594002, 1697082594026, 1697082594050, 1697082594073, 1697082594097, 1697082594120, 1697082594144, 1697082594168, 1697082594191, 1697082594215, 1697082594239, 1697082594263, 1697082594286, 1697082594310, 1697082594334]"
16,905,16,[],200,google/flan-ul2,1,1,63.0,1,2,H100,1697082594335,1697082594398,120,11,1,"[5, 58]","[1697082594340, 1697082594398]"
17,490,17,[],200,google/flan-ul2,1,1,150.0,1,2,H100,1697082594399,1697082594549,120,11,5,"[4, 51, 24, 24, 23, 24]","[1697082594403, 1697082594454, 1697082594478, 1697082594502, 1697082594525, 1697082594549]"
18,51,18,[],200,google/flan-ul2,1,1,908.0,1,2,H100,1697082594550,1697082595458,120,364,36,"[4, 53, 24, 24, 23, 33, 24, 23, 24, 24, 24, 23, 24, 24, 24, 23, 24, 24, 24, 24, 24, 24, 23, 24, 24, 24, 24, 24, 23, 24, 24, 24, 23, 33, 24, 24, 24]","[1697082594554, 1697082594607, 1697082594631, 1697082594655, 1697082594678, 1697082594711, 1697082594735, 1697082594758, 1697082594782, 1697082594806, 1697082594830, 1697082594853, 1697082594877, 1697082594901, 1697082594925, 1697082594948, 1697082594972, 1697082594996, 1697082595020, 1697082595044, 1697082595068, 1697082595092, 1697082595115, 1697082595139, 1697082595163, 1697082595187, 1697082595211, 1697082595235, 1697082595258, 1697082595282, 1697082595306, 1697082595330, 1697082595353, 1697082595386, 1697082595410, 1697082595434, 1697082595458]"
19,572,19,[],200,google/flan-ul2,1,1,55.0,1,2,H100,1697082595459,1697082595514,120,16,1,"[4, 51]","[1697082595463, 1697082595514]"
20,155,20,[],200,google/flan-ul2,1,1,519.0,1,2,H100,1697082595515,1697082596034,120,90,20,"[5, 52, 24, 24, 23, 24, 33, 24, 24, 24, 23, 24, 24, 24, 24, 24, 23, 24, 24, 24, 24]","[1697082595520, 1697082595572, 1697082595596, 1697082595620, 1697082595643, 1697082595667, 1697082595700, 1697082595724, 1697082595748, 1697082595772, 1697082595795, 1697082595819, 1697082595843, 1697082595867, 1697082595891, 1697082595915, 1697082595938, 1697082595962, 1697082595986, 1697082596010, 1697082596034]"
21,677,21,[],200,google/flan-ul2,1,1,58.0,1,2,H100,1697082596035,1697082596093,120,9,1,"[5, 53]","[1697082596040, 1697082596093]"
22,236,22,[],200,google/flan-ul2,1,1,56.0,1,2,H100,1697082596095,1697082596151,120,8,1,"[4, 52]","[1697082596099, 1697082596151]"
23,755,23,[],200,google/flan-ul2,1,1,647.0,1,2,H100,1697082596151,1697082596798,120,286,25,"[5, 52, 24, 24, 24, 23, 24, 24, 32, 24, 24, 23, 24, 24, 24, 24, 24, 24, 24, 24, 24, 24, 32, 24, 24, 24]","[1697082596156, 1697082596208, 1697082596232, 1697082596256, 1697082596280, 1697082596303, 1697082596327, 1697082596351, 1697082596383, 1697082596407, 1697082596431, 1697082596454, 1697082596478, 1697082596502, 1697082596526, 1697082596550, 1697082596574, 1697082596598, 1697082596622, 1697082596646, 1697082596670, 1697082596694, 1697082596726, 1697082596750, 1697082596774, 1697082596798]"
24,347,24,[],200,google/flan-ul2,1,1,1775.0,1,2,H100,1697082596799,1697082598574,120,100,72,"[5, 53, 23, 24, 24, 24, 23, 24, 24, 23, 24, 24, 24, 24, 24, 23, 24, 24, 24, 24, 24, 24, 24, 33, 23, 24, 24, 24, 24, 23, 24, 24, 24, 24, 24, 23, 24, 33, 23, 24, 24, 24, 23, 24, 24, 24, 23, 24, 24, 23, 24, 24, 24, 24, 24, 24, 24, 23, 24, 24, 23, 24, 24, 24, 23, 33, 24, 24, 24, 24, 24, 24, 24]","[1697082596804, 1697082596857, 1697082596880, 1697082596904, 1697082596928, 1697082596952, 1697082596975, 1697082596999, 1697082597023, 1697082597046, 1697082597070, 1697082597094, 1697082597118, 1697082597142, 1697082597166, 1697082597189, 1697082597213, 1697082597237, 1697082597261, 1697082597285, 1697082597309, 1697082597333, 1697082597357, 1697082597390, 1697082597413, 1697082597437, 1697082597461, 1697082597485, 1697082597509, 1697082597532, 1697082597556, 1697082597580, 1697082597604, 1697082597628, 1697082597652, 1697082597675, 1697082597699, 1697082597732, 1697082597755, 1697082597779, 1697082597803, 1697082597827, 1697082597850, 1697082597874, 1697082597898, 1697082597922, 1697082597945, 1697082597969, 1697082597993, 1697082598016, 1697082598040, 1697082598064, 1697082598088, 1697082598112, 1697082598136, 1697082598160, 1697082598184, 1697082598207, 1697082598231, 1697082598255, 1697082598278, 1697082598302, 1697082598326, 1697082598350, 1697082598373, 1697082598406, 1697082598430, 1697082598454, 1697082598478, 1697082598502, 1697082598526, 1697082598550, 1697082598574]"
25,833,25,[],200,google/flan-ul2,1,1,233.0,1,2,H100,1697082598575,1697082598808,120,563,8,"[4, 54, 23, 24, 23, 34, 24, 23, 24]","[1697082598579, 1697082598633, 1697082598656, 1697082598680, 1697082598703, 1697082598737, 1697082598761, 1697082598784, 1697082598808]"
26,422,26,[],200,google/flan-ul2,1,1,55.0,1,2,H100,1697082598809,1697082598864,120,26,1,"[5, 50]","[1697082598814, 1697082598864]"
27,12,27,[],200,google/flan-ul2,1,1,55.0,1,2,H100,1697082598865,1697082598920,120,11,1,"[4, 51]","[1697082598869, 1697082598920]"
28,525,28,[],200,google/flan-ul2,1,1,1365.0,1,2,H100,1697082598921,1697082600286,120,216,55,"[4, 53, 23, 24, 24, 24, 24, 23, 24, 24, 23, 24, 24, 24, 24, 24, 24, 24, 24, 32, 23, 24, 25, 24, 23, 25, 24, 24, 24, 24, 24, 23, 33, 24, 25, 23, 24, 24, 23, 24, 24, 24, 25, 24, 24, 24, 24, 24, 25, 23, 24, 24, 24, 24, 24, 23]","[1697082598925, 1697082598978, 1697082599001, 1697082599025, 1697082599049, 1697082599073, 1697082599097, 1697082599120, 1697082599144, 1697082599168, 1697082599191, 1697082599215, 1697082599239, 1697082599263, 1697082599287, 1697082599311, 1697082599335, 1697082599359, 1697082599383, 1697082599415, 1697082599438, 1697082599462, 1697082599487, 1697082599511, 1697082599534, 1697082599559, 1697082599583, 1697082599607, 1697082599631, 1697082599655, 1697082599679, 1697082599702, 1697082599735, 1697082599759, 1697082599784, 1697082599807, 1697082599831, 1697082599855, 1697082599878, 1697082599902, 1697082599926, 1697082599950, 1697082599975, 1697082599999, 1697082600023, 1697082600047, 1697082600071, 1697082600095, 1697082600120, 1697082600143, 1697082600167, 1697082600191, 1697082600215, 1697082600239, 1697082600263, 1697082600286]"
29,202,29,[],200,google/flan-ul2,1,1,1788.0,1,2,H100,1697082600288,1697082602076,120,874,72,"[4, 57, 24, 23, 33, 23, 24, 24, 23, 24, 24, 23, 24, 24, 24, 24, 24, 33, 23, 24, 24, 24, 24, 24, 23, 24, 24, 24, 23, 24, 24, 24, 23, 24, 24, 24, 25, 24, 23, 24, 24, 23, 24, 24, 23, 34, 24, 23, 24, 23, 24, 24, 24, 23, 24, 24, 24, 24, 23, 34, 25, 24, 24, 23, 24, 24, 24, 24, 23, 24, 24, 24, 24]","[1697082600292, 1697082600349, 1697082600373, 1697082600396, 1697082600429, 1697082600452, 1697082600476, 1697082600500, 1697082600523, 1697082600547, 1697082600571, 1697082600594, 1697082600618, 1697082600642, 1697082600666, 1697082600690, 1697082600714, 1697082600747, 1697082600770, 1697082600794, 1697082600818, 1697082600842, 1697082600866, 1697082600890, 1697082600913, 1697082600937, 1697082600961, 1697082600985, 1697082601008, 1697082601032, 1697082601056, 1697082601080, 1697082601103, 1697082601127, 1697082601151, 1697082601175, 1697082601200, 1697082601224, 1697082601247, 1697082601271, 1697082601295, 1697082601318, 1697082601342, 1697082601366, 1697082601389, 1697082601423, 1697082601447, 1697082601470, 1697082601494, 1697082601517, 1697082601541, 1697082601565, 1697082601589, 1697082601612, 1697082601636, 1697082601660, 1697082601684, 1697082601708, 1697082601731, 1697082601765, 1697082601790, 1697082601814, 1697082601838, 1697082601861, 1697082601885, 1697082601909, 1697082601933, 1697082601957, 1697082601980, 1697082602004, 1697082602028, 1697082602052, 1697082602076]"
30,723,30,[],200,google/flan-ul2,1,1,57.0,1,2,H100,1697082602077,1697082602134,120,14,1,"[5, 52]","[1697082602082, 1697082602134]"
31,312,31,[],200,google/flan-ul2,1,1,54.0,1,2,H100,1697082602136,1697082602190,120,23,1,"[4, 50]","[1697082602140, 1697082602190]"
32,804,32,[],200,google/flan-ul2,1,1,54.0,1,2,H100,1697082602191,1697082602245,120,20,1,"[5, 49]","[1697082602196, 1697082602245]"
33,394,33,[],200,google/flan-ul2,1,1,55.0,1,2,H100,1697082602247,1697082602302,120,11,1,"[4, 51]","[1697082602251, 1697082602302]"
34,908,34,[],200,google/flan-ul2,1,1,1230.0,1,2,H100,1697082602303,1697082603533,120,6,50,"[4, 52, 23, 24, 32, 23, 23, 24, 23, 23, 24, 23, 24, 23, 24, 23, 23, 24, 31, 24, 23, 23, 24, 23, 24, 23, 23, 24, 23, 23, 24, 23, 24, 23, 23, 24, 23, 24, 23, 24, 24, 23, 24, 23, 24, 23, 33, 24, 23, 24, 23]","[1697082602307, 1697082602359, 1697082602382, 1697082602406, 1697082602438, 1697082602461, 1697082602484, 1697082602508, 1697082602531, 1697082602554, 1697082602578, 1697082602601, 1697082602625, 1697082602648, 1697082602672, 1697082602695, 1697082602718, 1697082602742, 1697082602773, 1697082602797, 1697082602820, 1697082602843, 1697082602867, 1697082602890, 1697082602914, 1697082602937, 1697082602960, 1697082602984, 1697082603007, 1697082603030, 1697082603054, 1697082603077, 1697082603101, 1697082603124, 1697082603147, 1697082603171, 1697082603194, 1697082603218, 1697082603241, 1697082603265, 1697082603289, 1697082603312, 1697082603336, 1697082603359, 1697082603383, 1697082603406, 1697082603439, 1697082603463, 1697082603486, 1697082603510, 1697082603533]"
35,498,35,[],200,google/flan-ul2,1,1,56.0,1,2,H100,1697082603534,1697082603590,120,9,1,"[5, 51]","[1697082603539, 1697082603590]"
36,57,36,[],200,google/flan-ul2,1,1,56.0,1,2,H100,1697082603591,1697082603647,120,13,1,"[5, 51]","[1697082603596, 1697082603647]"
37,572,37,[],200,google/flan-ul2,1,1,55.0,1,2,H100,1697082603648,1697082603703,120,16,1,"[4, 51]","[1697082603652, 1697082603703]"
38,164,38,[],200,google/flan-ul2,1,1,64.0,1,2,H100,1697082603704,1697082603768,120,15,1,"[5, 59]","[1697082603709, 1697082603768]"
39,654,39,[],200,google/flan-ul2,1,1,126.0,1,2,H100,1697082603769,1697082603895,120,47,4,"[4, 52, 23, 24, 23]","[1697082603773, 1697082603825, 1697082603848, 1697082603872, 1697082603895]"
40,244,40,[],200,google/flan-ul2,1,1,56.0,1,2,H100,1697082603896,1697082603952,120,9,1,"[5, 51]","[1697082603901, 1697082603952]"
41,764,41,[],200,google/flan-ul2,1,1,54.0,1,2,H100,1697082603953,1697082604007,120,39,1,"[4, 50]","[1697082603957, 1697082604007]"
42,347,42,[],200,google/flan-ul2,1,1,1803.0,1,2,H100,1697082604008,1697082605811,120,100,72,"[4, 53, 25, 23, 24, 23, 24, 23, 24, 24, 24, 24, 24, 24, 24, 23, 24, 32, 24, 23, 24, 24, 24, 24, 23, 26, 25, 24, 25, 24, 33, 24, 25, 24, 25, 25, 25, 24, 24, 25, 24, 25, 24, 24, 25, 24, 24, 24, 24, 24, 24, 24, 24, 24, 24, 24, 24, 24, 32, 24, 24, 24, 24, 24, 24, 24, 25, 24, 24, 24, 24, 34, 24]","[1697082604012, 1697082604065, 1697082604090, 1697082604113, 1697082604137, 1697082604160, 1697082604184, 1697082604207, 1697082604231, 1697082604255, 1697082604279, 1697082604303, 1697082604327, 1697082604351, 1697082604375, 1697082604398, 1697082604422, 1697082604454, 1697082604478, 1697082604501, 1697082604525, 1697082604549, 1697082604573, 1697082604597, 1697082604620, 1697082604646, 1697082604671, 1697082604695, 1697082604720, 1697082604744, 1697082604777, 1697082604801, 1697082604826, 1697082604850, 1697082604875, 1697082604900, 1697082604925, 1697082604949, 1697082604973, 1697082604998, 1697082605022, 1697082605047, 1697082605071, 1697082605095, 1697082605120, 1697082605144, 1697082605168, 1697082605192, 1697082605216, 1697082605240, 1697082605264, 1697082605288, 1697082605312, 1697082605336, 1697082605360, 1697082605384, 1697082605408, 1697082605432, 1697082605464, 1697082605488, 1697082605512, 1697082605536, 1697082605560, 1697082605584, 1697082605608, 1697082605632, 1697082605657, 1697082605681, 1697082605705, 1697082605729, 1697082605753, 1697082605787, 1697082605811]"
43,26,43,[],200,google/flan-ul2,1,1,59.0,1,2,H100,1697082605812,1697082605871,120,18,1,"[5, 54]","[1697082605817, 1697082605871]"
44,546,44,[],200,google/flan-ul2,1,1,514.0,1,2,H100,1697082605872,1697082606386,120,93,20,"[4, 53, 24, 24, 23, 24, 25, 24, 24, 24, 25, 24, 24, 24, 24, 23, 24, 25, 24, 24, 24]","[1697082605876, 1697082605929, 1697082605953, 1697082605977, 1697082606000, 1697082606024, 1697082606049, 1697082606073, 1697082606097, 1697082606121, 1697082606146, 1697082606170, 1697082606194, 1697082606218, 1697082606242, 1697082606265, 1697082606289, 1697082606314, 1697082606338, 1697082606362, 1697082606386]"
45,130,45,[],200,google/flan-ul2,1,1,56.0,1,2,H100,1697082606387,1697082606443,120,14,1,"[5, 51]","[1697082606392, 1697082606443]"
46,627,46,[],200,google/flan-ul2,1,1,529.0,1,2,H100,1697082606444,1697082606973,120,93,20,"[5, 59, 23, 24, 24, 24, 24, 24, 24, 24, 24, 24, 24, 33, 25, 24, 24, 24, 24, 24, 24]","[1697082606449, 1697082606508, 1697082606531, 1697082606555, 1697082606579, 1697082606603, 1697082606627, 1697082606651, 1697082606675, 1697082606699, 1697082606723, 1697082606747, 1697082606771, 1697082606804, 1697082606829, 1697082606853, 1697082606877, 1697082606901, 1697082606925, 1697082606949, 1697082606973]"
47,215,47,[],200,google/flan-ul2,1,1,56.0,1,2,H100,1697082606974,1697082607030,120,12,1,"[5, 51]","[1697082606979, 1697082607030]"
48,730,48,[],200,google/flan-ul2,1,1,318.0,1,2,H100,1697082607031,1697082607349,120,364,12,"[5, 52, 23, 24, 24, 24, 23, 24, 24, 24, 23, 24, 24]","[1697082607036, 1697082607088, 1697082607111, 1697082607135, 1697082607159, 1697082607183, 1697082607206, 1697082607230, 1697082607254, 1697082607278, 1697082607301, 1697082607325, 1697082607349]"
49,322,49,[],200,google/flan-ul2,1,1,530.0,1,2,H100,1697082607350,1697082607880,120,93,20,"[5, 52, 24, 23, 33, 24, 23, 24, 24, 24, 24, 24, 24, 24, 23, 24, 25, 34, 24, 24, 24]","[1697082607355, 1697082607407, 1697082607431, 1697082607454, 1697082607487, 1697082607511, 1697082607534, 1697082607558, 1697082607582, 1697082607606, 1697082607630, 1697082607654, 1697082607678, 1697082607702, 1697082607725, 1697082607749, 1697082607774, 1697082607808, 1697082607832, 1697082607856, 1697082607880]"
50,804,50,[],200,google/flan-ul2,1,1,57.0,1,2,H100,1697082607881,1697082607938,120,20,1,"[5, 52]","[1697082607886, 1697082607938]"
51,393,51,[],200,google/flan-ul2,1,1,567.0,1,2,H100,1697082607939,1697082608506,120,182,22,"[4, 54, 24, 24, 23, 24, 24, 24, 23, 24, 24, 23, 24, 24, 24, 24, 24, 24, 24, 24, 23, 33, 24]","[1697082607943, 1697082607997, 1697082608021, 1697082608045, 1697082608068, 1697082608092, 1697082608116, 1697082608140, 1697082608163, 1697082608187, 1697082608211, 1697082608234, 1697082608258, 1697082608282, 1697082608306, 1697082608330, 1697082608354, 1697082608378, 1697082608402, 1697082608426, 1697082608449, 1697082608482, 1697082608506]"
52,916,52,[],200,google/flan-ul2,1,1,57.0,1,2,H100,1697082608507,1697082608564,120,8,1,"[5, 52]","[1697082608512, 1697082608564]"
53,500,53,[],200,google/flan-ul2,1,1,303.0,1,2,H100,1697082608565,1697082608868,120,335,11,"[5, 52, 24, 23, 24, 24, 24, 24, 23, 32, 24, 24]","[1697082608570, 1697082608622, 1697082608646, 1697082608669, 1697082608693, 1697082608717, 1697082608741, 1697082608765, 1697082608788, 1697082608820, 1697082608844, 1697082608868]"
54,65,54,[],200,google/flan-ul2,1,1,759.0,1,2,H100,1697082608869,1697082609628,120,39,30,"[5, 50, 24, 24, 24, 24, 23, 24, 24, 24, 24, 24, 24, 24, 24, 24, 24, 24, 24, 24, 24, 24, 24, 24, 24, 33, 24, 24, 24, 24, 24]","[1697082608874, 1697082608924, 1697082608948, 1697082608972, 1697082608996, 1697082609020, 1697082609043, 1697082609067, 1697082609091, 1697082609115, 1697082609139, 1697082609163, 1697082609187, 1697082609211, 1697082609235, 1697082609259, 1697082609283, 1697082609307, 1697082609331, 1697082609355, 1697082609379, 1697082609403, 1697082609427, 1697082609451, 1697082609475, 1697082609508, 1697082609532, 1697082609556, 1697082609580, 1697082609604, 1697082609628]"
55,586,55,[],200,google/flan-ul2,1,1,522.0,1,2,H100,1697082609629,1697082610151,120,85,20,"[4, 53, 23, 24, 24, 24, 24, 33, 24, 25, 24, 24, 24, 24, 24, 24, 24, 24, 24, 24, 24]","[1697082609633, 1697082609686, 1697082609709, 1697082609733, 1697082609757, 1697082609781, 1697082609805, 1697082609838, 1697082609862, 1697082609887, 1697082609911, 1697082609935, 1697082609959, 1697082609983, 1697082610007, 1697082610031, 1697082610055, 1697082610079, 1697082610103, 1697082610127, 1697082610151]"
56,172,56,[],200,google/flan-ul2,1,1,54.0,1,2,H100,1697082610152,1697082610206,120,19,1,"[4, 50]","[1697082610156, 1697082610206]"
57,780,57,[],200,google/flan-ul2,1,1,518.0,1,2,H100,1697082610207,1697082610725,120,85,20,"[5, 51, 24, 24, 24, 23, 24, 24, 24, 23, 24, 33, 23, 24, 24, 24, 24, 24, 24, 24, 24]","[1697082610212, 1697082610263, 1697082610287, 1697082610311, 1697082610335, 1697082610358, 1697082610382, 1697082610406, 1697082610430, 1697082610453, 1697082610477, 1697082610510, 1697082610533, 1697082610557, 1697082610581, 1697082610605, 1697082610629, 1697082610653, 1697082610677, 1697082610701, 1697082610725]"
58,366,58,[],200,google/flan-ul2,1,1,186.0,1,2,H100,1697082610726,1697082610912,120,85,6,"[5, 52, 24, 33, 24, 24, 24]","[1697082610731, 1697082610783, 1697082610807, 1697082610840, 1697082610864, 1697082610888, 1697082610912]"
59,881,59,[],200,google/flan-ul2,1,1,174.0,1,2,H100,1697082610913,1697082611087,120,58,6,"[4, 51, 23, 24, 24, 24, 24]","[1697082610917, 1697082610968, 1697082610991, 1697082611015, 1697082611039, 1697082611063, 1697082611087]"
60,473,60,[],200,google/flan-ul2,1,1,1246.0,1,2,H100,1697082611088,1697082612334,120,244,50,"[4, 53, 24, 24, 23, 24, 23, 24, 24, 24, 24, 24, 24, 24, 24, 23, 33, 24, 24, 24, 23, 24, 24, 26, 24, 24, 24, 23, 24, 24, 32, 24, 24, 23, 24, 24, 24, 23, 24, 24, 24, 24, 24, 24, 24, 24, 24, 24, 24, 25, 24]","[1697082611092, 1697082611145, 1697082611169, 1697082611193, 1697082611216, 1697082611240, 1697082611263, 1697082611287, 1697082611311, 1697082611335, 1697082611359, 1697082611383, 1697082611407, 1697082611431, 1697082611455, 1697082611478, 1697082611511, 1697082611535, 1697082611559, 1697082611583, 1697082611606, 1697082611630, 1697082611654, 1697082611680, 1697082611704, 1697082611728, 1697082611752, 1697082611775, 1697082611799, 1697082611823, 1697082611855, 1697082611879, 1697082611903, 1697082611926, 1697082611950, 1697082611974, 1697082611998, 1697082612021, 1697082612045, 1697082612069, 1697082612093, 1697082612117, 1697082612141, 1697082612165, 1697082612189, 1697082612213, 1697082612237, 1697082612261, 1697082612285, 1697082612310, 1697082612334]"
61,38,61,[],200,google/flan-ul2,1,1,537.0,1,2,H100,1697082612335,1697082612872,120,88,20,"[5, 56, 24, 24, 24, 24, 34, 24, 25, 23, 24, 25, 24, 24, 24, 24, 24, 24, 24, 33, 24]","[1697082612340, 1697082612396, 1697082612420, 1697082612444, 1697082612468, 1697082612492, 1697082612526, 1697082612550, 1697082612575, 1697082612598, 1697082612622, 1697082612647, 1697082612671, 1697082612695, 1697082612719, 1697082612743, 1697082612767, 1697082612791, 1697082612815, 1697082612848, 1697082612872]"
62,551,62,[],200,google/flan-ul2,1,1,511.0,1,2,H100,1697082612873,1697082613384,120,90,20,"[5, 52, 24, 24, 24, 23, 24, 24, 24, 24, 23, 24, 24, 24, 24, 23, 24, 25, 24, 24, 24]","[1697082612878, 1697082612930, 1697082612954, 1697082612978, 1697082613002, 1697082613025, 1697082613049, 1697082613073, 1697082613097, 1697082613121, 1697082613144, 1697082613168, 1697082613192, 1697082613216, 1697082613240, 1697082613263, 1697082613287, 1697082613312, 1697082613336, 1697082613360, 1697082613384]"
63,145,63,[],200,google/flan-ul2,1,1,254.0,1,2,H100,1697082613385,1697082613639,120,161,9,"[4, 53, 24, 24, 23, 32, 23, 24, 23, 24]","[1697082613389, 1697082613442, 1697082613466, 1697082613490, 1697082613513, 1697082613545, 1697082613568, 1697082613592, 1697082613615, 1697082613639]"
64,630,64,[],200,google/flan-ul2,1,1,57.0,1,2,H100,1697082613640,1697082613697,120,6,1,"[5, 52]","[1697082613645, 1697082613697]"
65,215,65,[],200,google/flan-ul2,1,1,56.0,1,2,H100,1697082613698,1697082613754,120,12,1,"[5, 50]","[1697082613703, 1697082613753]"
66,736,66,[],200,google/flan-ul2,1,1,9288.0,1,2,H100,1697082613756,1697082623044,120,563,381,"[4, 53, 24, 32, 24, 23, 24, 24, 23, 24, 24, 23, 24, 24, 24, 23, 24, 24, 24, 23, 24, 24, 24, 24, 24, 24, 24, 23, 24, 24, 24, 33, 24, 24, 24, 23, 24, 24, 24, 24, 24, 23, 24, 24, 33, 24, 24, 24, 23, 24, 23, 24, 24, 24, 24, 24, 24, 23, 24, 24, 23, 24, 24, 24, 23, 24, 24, 23, 24, 24, 24, 24, 23, 34, 24, 23, 24, 24, 23, 24, 24, 23, 24, 24, 24, 24, 32, 24, 24, 24, 23, 24, 24, 24, 24, 23, 24, 24, 24, 23, 24, 24, 24, 23, 24, 24, 23, 24, 24, 24, 24, 23, 24, 24, 32, 25, 24, 23, 25, 24, 23, 24, 24, 24, 24, 24, 23, 24, 34, 23, 25, 24, 24, 23, 24, 23, 24, 24, 24, 24, 23, 24, 24, 24, 23, 24, 24, 24, 24, 23, 24, 24, 24, 24, 24, 24, 33, 24, 24, 24, 24, 24, 23, 25, 24, 24, 24, 23, 24, 33, 24, 27, 28, 24, 24, 24, 24, 24, 24, 24, 23, 24, 24, 24, 23, 24, 24, 24, 23, 24, 24, 23, 24, 23, 24, 24, 24, 33, 24, 24, 23, 24, 24, 24, 23, 24, 24, 24, 24, 23, 33, 24, 24, 24, 24, 24, 23, 24, 24, 24, 23, 24, 24, 24, 24, 23, 24, 24, 24, 23, 24, 24, 24, 23, 24, 24, 24, 24, 24, 33, 24, 23, 24, 24, 24, 24, 23, 24, 24, 24, 24, 24, 33, 23, 24, 24, 23, 24, 24, 23, 24, 24, 24, 24, 24, 23, 24, 24, 23, 24, 24, 23, 24, 24, 24, 23, 24, 24, 24, 23, 33, 24, 24, 23, 24, 24, 24, 23, 24, 24, 24, 24, 23, 24, 34, 25, 23, 24, 24, 24, 23, 24, 24, 24, 23, 24, 24, 24, 24, 24, 24, 24, 24, 23, 24, 24, 24, 24, 23, 24, 24, 24, 33, 24, 23, 24, 24, 24, 23, 24, 24, 23, 24, 24, 23, 33, 24, 23, 24, 24, 23, 24, 24, 23, 24, 24, 23, 30, 23, 24, 24, 24, 23, 24, 24, 24, 24, 23, 24, 24, 24, 23, 24, 36, 24, 23, 24, 24, 24, 23, 24, 24, 24, 24, 24, 23, 25, 33, 24, 23, 24, 24]","[1697082613760, 1697082613813, 1697082613837, 1697082613869, 1697082613893, 1697082613916, 1697082613940, 1697082613964, 1697082613987, 1697082614011, 1697082614035, 1697082614058, 1697082614082, 1697082614106, 1697082614130, 1697082614153, 1697082614177, 1697082614201, 1697082614225, 1697082614248, 1697082614272, 1697082614296, 1697082614320, 1697082614344, 1697082614368, 1697082614392, 1697082614416, 1697082614439, 1697082614463, 1697082614487, 1697082614511, 1697082614544, 1697082614568, 1697082614592, 1697082614616, 1697082614639, 1697082614663, 1697082614687, 1697082614711, 1697082614735, 1697082614759, 1697082614782, 1697082614806, 1697082614830, 1697082614863, 1697082614887, 1697082614911, 1697082614935, 1697082614958, 1697082614982, 1697082615005, 1697082615029, 1697082615053, 1697082615077, 1697082615101, 1697082615125, 1697082615149, 1697082615172, 1697082615196, 1697082615220, 1697082615243, 1697082615267, 1697082615291, 1697082615315, 1697082615338, 1697082615362, 1697082615386, 1697082615409, 1697082615433, 1697082615457, 1697082615481, 1697082615505, 1697082615528, 1697082615562, 1697082615586, 1697082615609, 1697082615633, 1697082615657, 1697082615680, 1697082615704, 1697082615728, 1697082615751, 1697082615775, 1697082615799, 1697082615823, 1697082615847, 1697082615879, 1697082615903, 1697082615927, 1697082615951, 1697082615974, 1697082615998, 1697082616022, 1697082616046, 1697082616070, 1697082616093, 1697082616117, 1697082616141, 1697082616165, 1697082616188, 1697082616212, 1697082616236, 1697082616260, 1697082616283, 1697082616307, 1697082616331, 1697082616354, 1697082616378, 1697082616402, 1697082616426, 1697082616450, 1697082616473, 1697082616497, 1697082616521, 1697082616553, 1697082616578, 1697082616602, 1697082616625, 1697082616650, 1697082616674, 1697082616697, 1697082616721, 1697082616745, 1697082616769, 1697082616793, 1697082616817, 1697082616840, 1697082616864, 1697082616898, 1697082616921, 1697082616946, 1697082616970, 1697082616994, 1697082617017, 1697082617041, 1697082617064, 1697082617088, 1697082617112, 1697082617136, 1697082617160, 1697082617183, 1697082617207, 1697082617231, 1697082617255, 1697082617278, 1697082617302, 1697082617326, 1697082617350, 1697082617374, 1697082617397, 1697082617421, 1697082617445, 1697082617469, 1697082617493, 1697082617517, 1697082617541, 1697082617574, 1697082617598, 1697082617622, 1697082617646, 1697082617670, 1697082617694, 1697082617717, 1697082617742, 1697082617766, 1697082617790, 1697082617814, 1697082617837, 1697082617861, 1697082617894, 1697082617918, 1697082617945, 1697082617973, 1697082617997, 1697082618021, 1697082618045, 1697082618069, 1697082618093, 1697082618117, 1697082618141, 1697082618164, 1697082618188, 1697082618212, 1697082618236, 1697082618259, 1697082618283, 1697082618307, 1697082618331, 1697082618354, 1697082618378, 1697082618402, 1697082618425, 1697082618449, 1697082618472, 1697082618496, 1697082618520, 1697082618544, 1697082618577, 1697082618601, 1697082618625, 1697082618648, 1697082618672, 1697082618696, 1697082618720, 1697082618743, 1697082618767, 1697082618791, 1697082618815, 1697082618839, 1697082618862, 1697082618895, 1697082618919, 1697082618943, 1697082618967, 1697082618991, 1697082619015, 1697082619038, 1697082619062, 1697082619086, 1697082619110, 1697082619133, 1697082619157, 1697082619181, 1697082619205, 1697082619229, 1697082619252, 1697082619276, 1697082619300, 1697082619324, 1697082619347, 1697082619371, 1697082619395, 1697082619419, 1697082619442, 1697082619466, 1697082619490, 1697082619514, 1697082619538, 1697082619562, 1697082619595, 1697082619619, 1697082619642, 1697082619666, 1697082619690, 1697082619714, 1697082619738, 1697082619761, 1697082619785, 1697082619809, 1697082619833, 1697082619857, 1697082619881, 1697082619914, 1697082619937, 1697082619961, 1697082619985, 1697082620008, 1697082620032, 1697082620056, 1697082620079, 1697082620103, 1697082620127, 1697082620151, 1697082620175, 1697082620199, 1697082620222, 1697082620246, 1697082620270, 1697082620293, 1697082620317, 1697082620341, 1697082620364, 1697082620388, 1697082620412, 1697082620436, 1697082620459, 1697082620483, 1697082620507, 1697082620531, 1697082620554, 1697082620587, 1697082620611, 1697082620635, 1697082620658, 1697082620682, 1697082620706, 1697082620730, 1697082620753, 1697082620777, 1697082620801, 1697082620825, 1697082620849, 1697082620872, 1697082620896, 1697082620930, 1697082620955, 1697082620978, 1697082621002, 1697082621026, 1697082621050, 1697082621073, 1697082621097, 1697082621121, 1697082621145, 1697082621168, 1697082621192, 1697082621216, 1697082621240, 1697082621264, 1697082621288, 1697082621312, 1697082621336, 1697082621360, 1697082621383, 1697082621407, 1697082621431, 1697082621455, 1697082621479, 1697082621502, 1697082621526, 1697082621550, 1697082621574, 1697082621607, 1697082621631, 1697082621654, 1697082621678, 1697082621702, 1697082621726, 1697082621749, 1697082621773, 1697082621797, 1697082621820, 1697082621844, 1697082621868, 1697082621891, 1697082621924, 1697082621948, 1697082621971, 1697082621995, 1697082622019, 1697082622042, 1697082622066, 1697082622090, 1697082622113, 1697082622137, 1697082622161, 1697082622184, 1697082622214, 1697082622237, 1697082622261, 1697082622285, 1697082622309, 1697082622332, 1697082622356, 1697082622380, 1697082622404, 1697082622428, 1697082622451, 1697082622475, 1697082622499, 1697082622523, 1697082622546, 1697082622570, 1697082622606, 1697082622630, 1697082622653, 1697082622677, 1697082622701, 1697082622725, 1697082622748, 1697082622772, 1697082622796, 1697082622820, 1697082622844, 1697082622868, 1697082622891, 1697082622916, 1697082622949, 1697082622973, 1697082622996, 1697082623020, 1697082623044]"
67,322,67,[],200,google/flan-ul2,1,1,520.0,1,2,H100,1697082623045,1697082623565,120,93,20,"[6, 57, 24, 24, 24, 24, 23, 24, 24, 24, 24, 24, 24, 24, 24, 24, 24, 24, 25, 25, 24]","[1697082623051, 1697082623108, 1697082623132, 1697082623156, 1697082623180, 1697082623204, 1697082623227, 1697082623251, 1697082623275, 1697082623299, 1697082623323, 1697082623347, 1697082623371, 1697082623395, 1697082623419, 1697082623443, 1697082623467, 1697082623491, 1697082623516, 1697082623541, 1697082623565]"
68,814,68,[],200,google/flan-ul2,1,1,532.0,1,2,H100,1697082623566,1697082624098,120,89,20,"[5, 63, 24, 24, 23, 24, 24, 24, 24, 24, 24, 24, 24, 24, 32, 24, 24, 24, 24, 25, 24]","[1697082623571, 1697082623634, 1697082623658, 1697082623682, 1697082623705, 1697082623729, 1697082623753, 1697082623777, 1697082623801, 1697082623825, 1697082623849, 1697082623873, 1697082623897, 1697082623921, 1697082623953, 1697082623977, 1697082624001, 1697082624025, 1697082624049, 1697082624074, 1697082624098]"
69,408,69,[],200,google/flan-ul2,1,1,57.0,1,2,H100,1697082624099,1697082624156,120,16,1,"[5, 52]","[1697082624104, 1697082624156]"
70,922,70,[],200,google/flan-ul2,1,1,522.0,1,2,H100,1697082624157,1697082624679,120,91,20,"[5, 52, 24, 24, 24, 23, 24, 24, 23, 25, 24, 23, 25, 24, 24, 24, 24, 24, 33, 24, 24]","[1697082624162, 1697082624214, 1697082624238, 1697082624262, 1697082624286, 1697082624309, 1697082624333, 1697082624357, 1697082624380, 1697082624405, 1697082624429, 1697082624452, 1697082624477, 1697082624501, 1697082624525, 1697082624549, 1697082624573, 1697082624597, 1697082624630, 1697082624654, 1697082624678]"
71,602,71,[],200,google/flan-ul2,1,1,56.0,1,2,H100,1697082624680,1697082624736,120,15,1,"[4, 52]","[1697082624684, 1697082624736]"
72,191,72,[],200,google/flan-ul2,1,1,523.0,1,2,H100,1697082624737,1697082625260,120,85,20,"[5, 52, 23, 24, 24, 24, 24, 26, 32, 24, 24, 24, 24, 24, 25, 24, 24, 24, 24, 24, 24]","[1697082624742, 1697082624794, 1697082624817, 1697082624841, 1697082624865, 1697082624889, 1697082624913, 1697082624939, 1697082624971, 1697082624995, 1697082625019, 1697082625043, 1697082625067, 1697082625091, 1697082625116, 1697082625140, 1697082625164, 1697082625188, 1697082625212, 1697082625236, 1697082625260]"
73,702,73,[],200,google/flan-ul2,1,1,524.0,1,2,H100,1697082625261,1697082625785,120,89,20,"[5, 54, 24, 25, 24, 23, 24, 24, 24, 24, 24, 24, 24, 25, 32, 23, 24, 24, 25, 24, 24]","[1697082625266, 1697082625320, 1697082625344, 1697082625369, 1697082625393, 1697082625416, 1697082625440, 1697082625464, 1697082625488, 1697082625512, 1697082625536, 1697082625560, 1697082625584, 1697082625609, 1697082625641, 1697082625664, 1697082625688, 1697082625712, 1697082625737, 1697082625761, 1697082625785]"
74,294,74,[],200,google/flan-ul2,1,1,82.0,1,2,H100,1697082625786,1697082625868,120,9,2,"[4, 52, 25]","[1697082625790, 1697082625842, 1697082625867]"
75,780,75,[],200,google/flan-ul2,1,1,527.0,1,2,H100,1697082625868,1697082626395,120,85,20,"[5, 53, 33, 24, 24, 24, 24, 24, 24, 25, 24, 25, 24, 24, 25, 24, 24, 24, 24, 25, 24]","[1697082625873, 1697082625926, 1697082625959, 1697082625983, 1697082626007, 1697082626031, 1697082626055, 1697082626079, 1697082626103, 1697082626128, 1697082626152, 1697082626177, 1697082626201, 1697082626225, 1697082626250, 1697082626274, 1697082626298, 1697082626322, 1697082626346, 1697082626371, 1697082626395]"
76,368,76,[],200,google/flan-ul2,1,1,525.0,1,2,H100,1697082626396,1697082626921,120,88,20,"[5, 54, 24, 24, 24, 24, 24, 24, 24, 32, 24, 24, 24, 24, 25, 24, 23, 25, 24, 24, 25]","[1697082626401, 1697082626455, 1697082626479, 1697082626503, 1697082626527, 1697082626551, 1697082626575, 1697082626599, 1697082626623, 1697082626655, 1697082626679, 1697082626703, 1697082626727, 1697082626751, 1697082626776, 1697082626800, 1697082626823, 1697082626848, 1697082626872, 1697082626896, 1697082626921]"
77,894,77,[],200,google/flan-ul2,1,1,65.0,1,2,H100,1697082626922,1697082626987,120,14,1,"[4, 60]","[1697082626926, 1697082626986]"
78,452,78,[],200,google/flan-ul2,1,1,632.0,1,2,H100,1697082626988,1697082627620,120,216,4,"[4, 556, 25, 23, 24]","[1697082626992, 1697082627548, 1697082627573, 1697082627596, 1697082627620]"
79,40,79,[],200,google/flan-ul2,1,1,526.0,1,2,H100,1697082627621,1697082628147,120,86,20,"[6, 57, 24, 24, 24, 25, 23, 24, 24, 24, 25, 24, 24, 29, 24, 24, 24, 24, 24, 24, 25]","[1697082627627, 1697082627684, 1697082627708, 1697082627732, 1697082627756, 1697082627781, 1697082627804, 1697082627828, 1697082627852, 1697082627876, 1697082627901, 1697082627925, 1697082627949, 1697082627978, 1697082628002, 1697082628026, 1697082628050, 1697082628074, 1697082628098, 1697082628122, 1697082628147]"
80,559,80,[],200,google/flan-ul2,1,1,524.0,1,2,H100,1697082628148,1697082628672,120,86,20,"[5, 53, 23, 25, 23, 25, 24, 24, 24, 24, 24, 24, 24, 25, 24, 24, 25, 24, 24, 24, 32]","[1697082628153, 1697082628206, 1697082628229, 1697082628254, 1697082628277, 1697082628302, 1697082628326, 1697082628350, 1697082628374, 1697082628398, 1697082628422, 1697082628446, 1697082628470, 1697082628495, 1697082628519, 1697082628543, 1697082628568, 1697082628592, 1697082628616, 1697082628640, 1697082628672]"
81,144,81,[],200,google/flan-ul2,1,1,527.0,1,2,H100,1697082628673,1697082629200,120,96,20,"[5, 54, 24, 24, 24, 24, 24, 24, 24, 24, 25, 33, 24, 24, 24, 25, 24, 24, 24, 25, 24]","[1697082628678, 1697082628732, 1697082628756, 1697082628780, 1697082628804, 1697082628828, 1697082628852, 1697082628876, 1697082628900, 1697082628924, 1697082628949, 1697082628982, 1697082629006, 1697082629030, 1697082629054, 1697082629079, 1697082629103, 1697082629127, 1697082629151, 1697082629176, 1697082629200]"
82,637,82,[],200,google/flan-ul2,1,1,525.0,1,2,H100,1697082629201,1697082629726,120,96,20,"[4, 54, 24, 24, 24, 24, 24, 24, 24, 25, 24, 24, 24, 24, 24, 24, 25, 24, 33, 24, 24]","[1697082629205, 1697082629259, 1697082629283, 1697082629307, 1697082629331, 1697082629355, 1697082629379, 1697082629403, 1697082629427, 1697082629452, 1697082629476, 1697082629500, 1697082629524, 1697082629548, 1697082629572, 1697082629596, 1697082629621, 1697082629645, 1697082629678, 1697082629702, 1697082629726]"
83,225,83,[],200,google/flan-ul2,1,1,55.0,1,2,H100,1697082629727,1697082629782,120,23,1,"[5, 50]","[1697082629732, 1697082629782]"
84,744,84,[],200,google/flan-ul2,1,1,178.0,1,2,H100,1697082629783,1697082629961,120,161,6,"[5, 53, 24, 24, 24, 24, 24]","[1697082629788, 1697082629841, 1697082629865, 1697082629889, 1697082629913, 1697082629937, 1697082629961]"
85,423,85,[],200,google/flan-ul2,1,1,525.0,1,2,H100,1697082629962,1697082630487,120,84,20,"[4, 60, 25, 24, 24, 24, 24, 25, 24, 24, 24, 25, 24, 24, 24, 25, 24, 24, 25, 24, 24]","[1697082629966, 1697082630026, 1697082630051, 1697082630075, 1697082630099, 1697082630123, 1697082630147, 1697082630172, 1697082630196, 1697082630220, 1697082630244, 1697082630269, 1697082630293, 1697082630317, 1697082630341, 1697082630366, 1697082630390, 1697082630414, 1697082630439, 1697082630463, 1697082630487]"
86,9,86,[],200,google/flan-ul2,1,1,535.0,1,2,H100,1697082630488,1697082631023,120,85,20,"[5, 53, 24, 24, 24, 25, 32, 24, 24, 24, 24, 24, 24, 25, 24, 24, 24, 24, 24, 34, 25]","[1697082630493, 1697082630546, 1697082630570, 1697082630594, 1697082630618, 1697082630643, 1697082630675, 1697082630699, 1697082630723, 1697082630747, 1697082630771, 1697082630795, 1697082630819, 1697082630844, 1697082630868, 1697082630892, 1697082630916, 1697082630940, 1697082630964, 1697082630998, 1697082631023]"
87,527,87,[],200,google/flan-ul2,1,1,1261.0,1,2,H100,1697082631024,1697082632285,120,732,50,"[5, 56, 24, 24, 24, 24, 24, 24, 24, 24, 24, 24, 24, 24, 24, 25, 24, 24, 24, 24, 24, 25, 24, 24, 24, 24, 33, 24, 24, 24, 24, 24, 24, 24, 25, 24, 24, 25, 24, 33, 24, 24, 24, 24, 24, 24, 24, 25, 25, 24, 24]","[1697082631029, 1697082631085, 1697082631109, 1697082631133, 1697082631157, 1697082631181, 1697082631205, 1697082631229, 1697082631253, 1697082631277, 1697082631301, 1697082631325, 1697082631349, 1697082631373, 1697082631397, 1697082631422, 1697082631446, 1697082631470, 1697082631494, 1697082631518, 1697082631542, 1697082631567, 1697082631591, 1697082631615, 1697082631639, 1697082631663, 1697082631696, 1697082631720, 1697082631744, 1697082631768, 1697082631792, 1697082631816, 1697082631840, 1697082631864, 1697082631889, 1697082631913, 1697082631937, 1697082631962, 1697082631986, 1697082632019, 1697082632043, 1697082632067, 1697082632091, 1697082632115, 1697082632139, 1697082632163, 1697082632187, 1697082632212, 1697082632237, 1697082632261, 1697082632285]"
88,117,88,[],200,google/flan-ul2,1,1,84.0,1,2,H100,1697082632286,1697082632370,120,364,2,"[5, 54, 25]","[1697082632291, 1697082632345, 1697082632370]"
89,601,89,[],200,google/flan-ul2,1,1,526.0,1,2,H100,1697082632371,1697082632897,120,83,20,"[4, 53, 24, 24, 26, 25, 24, 24, 24, 24, 25, 24, 32, 24, 24, 25, 24, 24, 24, 24, 24]","[1697082632375, 1697082632428, 1697082632452, 1697082632476, 1697082632502, 1697082632527, 1697082632551, 1697082632575, 1697082632599, 1697082632623, 1697082632648, 1697082632672, 1697082632704, 1697082632728, 1697082632752, 1697082632777, 1697082632801, 1697082632825, 1697082632849, 1697082632873, 1697082632897]"
90,191,90,[],200,google/flan-ul2,1,1,525.0,1,2,H100,1697082632898,1697082633423,120,85,20,"[5, 54, 24, 33, 24, 24, 24, 24, 24, 24, 24, 24, 24, 24, 24, 25, 24, 24, 24, 24, 24]","[1697082632903, 1697082632957, 1697082632981, 1697082633014, 1697082633038, 1697082633062, 1697082633086, 1697082633110, 1697082633134, 1697082633158, 1697082633182, 1697082633206, 1697082633230, 1697082633254, 1697082633278, 1697082633303, 1697082633327, 1697082633351, 1697082633375, 1697082633399, 1697082633423]"
91,711,91,[],200,google/flan-ul2,1,1,131.0,1,2,H100,1697082633424,1697082633555,120,457,4,"[5, 54, 24, 23, 24]","[1697082633429, 1697082633483, 1697082633507, 1697082633530, 1697082633554]"
92,273,92,[],200,google/flan-ul2,1,1,56.0,1,2,H100,1697082633556,1697082633612,120,19,1,"[4, 51]","[1697082633560, 1697082633611]"
93,793,93,[],200,google/flan-ul2,1,1,800.0,1,2,H100,1697082633612,1697082634412,120,92,31,"[5, 54, 32, 24, 24, 24, 24, 24, 24, 24, 24, 24, 25, 24, 25, 33, 24, 24, 24, 24, 25, 24, 24, 24, 24, 25, 24, 24, 24, 24, 24, 24]","[1697082633617, 1697082633671, 1697082633703, 1697082633727, 1697082633751, 1697082633775, 1697082633799, 1697082633823, 1697082633847, 1697082633871, 1697082633895, 1697082633919, 1697082633944, 1697082633968, 1697082633993, 1697082634026, 1697082634050, 1697082634074, 1697082634098, 1697082634122, 1697082634147, 1697082634171, 1697082634195, 1697082634219, 1697082634243, 1697082634268, 1697082634292, 1697082634316, 1697082634340, 1697082634364, 1697082634388, 1697082634412]"
94,383,94,[],200,google/flan-ul2,1,1,57.0,1,2,H100,1697082634413,1697082634470,120,15,1,"[4, 53]","[1697082634417, 1697082634470]"
95,897,95,[],200,google/flan-ul2,1,1,56.0,1,2,H100,1697082634471,1697082634527,120,9,1,"[5, 51]","[1697082634476, 1697082634527]"
96,458,96,[],200,google/flan-ul2,1,1,56.0,1,2,H100,1697082634529,1697082634585,120,11,1,"[4, 51]","[1697082634533, 1697082634584]"
97,48,97,[],200,google/flan-ul2,1,1,183.0,1,2,H100,1697082634585,1697082634768,120,6,6,"[5, 52, 24, 23, 32, 23, 24]","[1697082634590, 1697082634642, 1697082634666, 1697082634689, 1697082634721, 1697082634744, 1697082634768]"
98,561,98,[],200,google/flan-ul2,1,1,523.0,1,2,H100,1697082634769,1697082635292,120,87,20,"[5, 52, 24, 24, 24, 24, 24, 24, 24, 33, 24, 24, 24, 24, 24, 24, 24, 24, 25, 24, 24]","[1697082634774, 1697082634826, 1697082634850, 1697082634874, 1697082634898, 1697082634922, 1697082634946, 1697082634970, 1697082634994, 1697082635027, 1697082635051, 1697082635075, 1697082635099, 1697082635123, 1697082635147, 1697082635171, 1697082635195, 1697082635219, 1697082635244, 1697082635268, 1697082635292]"
99,245,99,[],200,google/flan-ul2,1,1,524.0,1,2,H100,1697082635293,1697082635817,120,100,20,"[4, 53, 24, 24, 24, 24, 24, 24, 24, 24, 24, 24, 24, 25, 24, 24, 33, 24, 24, 24, 25]","[1697082635297, 1697082635350, 1697082635374, 1697082635398, 1697082635422, 1697082635446, 1697082635470, 1697082635494, 1697082635518, 1697082635542, 1697082635566, 1697082635590, 1697082635614, 1697082635639, 1697082635663, 1697082635687, 1697082635720, 1697082635744, 1697082635768, 1697082635792, 1697082635817]"
100,759,100,[],200,google/flan-ul2,1,1,524.0,1,2,H100,1697082635818,1697082636342,120,92,20,"[4, 53, 24, 24, 24, 24, 24, 24, 33, 24, 24, 24, 24, 24, 25, 23, 24, 25, 24, 24, 25]","[1697082635822, 1697082635875, 1697082635899, 1697082635923, 1697082635947, 1697082635971, 1697082635995, 1697082636019, 1697082636052, 1697082636076, 1697082636100, 1697082636124, 1697082636148, 1697082636172, 1697082636197, 1697082636220, 1697082636244, 1697082636269, 1697082636293, 1697082636317, 1697082636342]"
101,349,101,[],200,google/flan-ul2,1,1,524.0,1,2,H100,1697082636343,1697082636867,120,88,20,"[4, 52, 25, 24, 24, 24, 24, 24, 25, 24, 24, 24, 24, 24, 33, 24, 24, 24, 24, 24, 25]","[1697082636347, 1697082636399, 1697082636424, 1697082636448, 1697082636472, 1697082636496, 1697082636520, 1697082636544, 1697082636569, 1697082636593, 1697082636617, 1697082636641, 1697082636665, 1697082636689, 1697082636722, 1697082636746, 1697082636770, 1697082636794, 1697082636818, 1697082636842, 1697082636867]"
102,870,102,[],200,google/flan-ul2,1,1,523.0,1,2,H100,1697082636868,1697082637391,120,88,20,"[4, 53, 24, 23, 24, 24, 32, 24, 24, 25, 24, 25, 24, 24, 24, 24, 24, 24, 24, 24, 24]","[1697082636872, 1697082636925, 1697082636949, 1697082636972, 1697082636996, 1697082637020, 1697082637052, 1697082637076, 1697082637100, 1697082637125, 1697082637149, 1697082637174, 1697082637198, 1697082637222, 1697082637246, 1697082637270, 1697082637294, 1697082637318, 1697082637342, 1697082637366, 1697082637390]"
103,423,103,[],200,google/flan-ul2,1,1,525.0,1,2,H100,1697082637391,1697082637916,120,84,20,"[5, 53, 24, 24, 24, 25, 24, 24, 24, 24, 24, 25, 24, 32, 24, 24, 25, 24, 24, 24, 24]","[1697082637396, 1697082637449, 1697082637473, 1697082637497, 1697082637521, 1697082637546, 1697082637570, 1697082637594, 1697082637618, 1697082637642, 1697082637666, 1697082637691, 1697082637715, 1697082637747, 1697082637771, 1697082637795, 1697082637820, 1697082637844, 1697082637868, 1697082637892, 1697082637916]"
104,12,104,[],200,google/flan-ul2,1,1,56.0,1,2,H100,1697082637918,1697082637974,120,11,1,"[4, 52]","[1697082637922, 1697082637974]"
105,534,105,[],200,google/flan-ul2,1,1,523.0,1,2,H100,1697082637975,1697082638498,120,96,20,"[5, 52, 33, 25, 23, 24, 24, 24, 24, 24, 24, 24, 24, 24, 24, 24, 25, 24, 24, 24, 24]","[1697082637980, 1697082638032, 1697082638065, 1697082638090, 1697082638113, 1697082638137, 1697082638161, 1697082638185, 1697082638209, 1697082638233, 1697082638257, 1697082638281, 1697082638305, 1697082638329, 1697082638353, 1697082638377, 1697082638402, 1697082638426, 1697082638450, 1697082638474, 1697082638498]"
106,119,106,[],200,google/flan-ul2,1,1,55.0,1,2,H100,1697082638500,1697082638555,120,31,1,"[4, 51]","[1697082638504, 1697082638555]"
107,616,107,[],200,google/flan-ul2,1,1,9332.0,1,2,H100,1697082638557,1697082647889,120,244,381,"[5, 52, 24, 24, 24, 24, 32, 24, 23, 24, 24, 24, 24, 24, 24, 24, 24, 24, 25, 33, 24, 24, 24, 24, 24, 24, 24, 24, 24, 24, 24, 24, 25, 24, 24, 23, 24, 24, 24, 24, 24, 24, 24, 25, 23, 25, 24, 33, 24, 24, 24, 24, 24, 24, 24, 24, 24, 25, 25, 25, 33, 25, 24, 24, 24, 23, 24, 24, 24, 24, 24, 24, 24, 24, 24, 24, 24, 24, 23, 24, 24, 24, 24, 25, 25, 24, 23, 24, 24, 33, 24, 24, 23, 24, 24, 24, 24, 24, 23, 24, 24, 24, 33, 24, 24, 23, 24, 24, 24, 24, 24, 23, 24, 24, 24, 23, 24, 24, 24, 23, 24, 24, 24, 24, 24, 24, 24, 23, 24, 25, 35, 23, 24, 24, 24, 24, 24, 24, 25, 24, 24, 24, 24, 33, 24, 25, 24, 24, 23, 24, 24, 24, 24, 25, 25, 24, 24, 24, 24, 24, 24, 24, 25, 25, 24, 24, 24, 24, 24, 24, 24, 38, 33, 24, 25, 24, 24, 24, 24, 24, 24, 24, 23, 24, 33, 24, 24, 24, 24, 23, 24, 24, 24, 24, 24, 24, 24, 23, 24, 24, 24, 24, 24, 24, 24, 24, 24, 24, 23, 24, 24, 24, 34, 23, 25, 23, 24, 24, 24, 24, 24, 24, 24, 24, 24, 32, 24, 24, 24, 23, 24, 24, 24, 23, 24, 24, 24, 24, 23, 24, 24, 24, 24, 24, 23, 24, 24, 24, 24, 23, 24, 24, 24, 33, 23, 24, 23, 24, 24, 23, 24, 24, 24, 24, 24, 23, 24, 33, 24, 23, 24, 24, 24, 23, 24, 24, 24, 24, 24, 24, 24, 23, 24, 24, 24, 23, 24, 24, 24, 24, 24, 23, 25, 24, 23, 34, 24, 24, 24, 23, 24, 24, 24, 24, 24, 24, 24, 24, 34, 24, 24, 23, 24, 24, 24, 24, 24, 24, 23, 24, 25, 24, 24, 24, 24, 23, 24, 24, 24, 24, 23, 24, 24, 24, 23, 24, 24, 31, 25, 23, 24, 24, 24, 24, 23, 24, 24, 23, 24, 24, 33, 23, 24, 24, 24, 23, 24, 24, 24, 23, 24, 24, 23, 24, 24, 24, 23, 24, 24, 23, 24, 24, 23, 24, 24, 24, 23, 24, 34, 23, 24, 24]","[1697082638562, 1697082638614, 1697082638638, 1697082638662, 1697082638686, 1697082638710, 1697082638742, 1697082638766, 1697082638789, 1697082638813, 1697082638837, 1697082638861, 1697082638885, 1697082638909, 1697082638933, 1697082638957, 1697082638981, 1697082639005, 1697082639030, 1697082639063, 1697082639087, 1697082639111, 1697082639135, 1697082639159, 1697082639183, 1697082639207, 1697082639231, 1697082639255, 1697082639279, 1697082639303, 1697082639327, 1697082639351, 1697082639376, 1697082639400, 1697082639424, 1697082639447, 1697082639471, 1697082639495, 1697082639519, 1697082639543, 1697082639567, 1697082639591, 1697082639615, 1697082639640, 1697082639663, 1697082639688, 1697082639712, 1697082639745, 1697082639769, 1697082639793, 1697082639817, 1697082639841, 1697082639865, 1697082639889, 1697082639913, 1697082639937, 1697082639961, 1697082639986, 1697082640011, 1697082640036, 1697082640069, 1697082640094, 1697082640118, 1697082640142, 1697082640166, 1697082640189, 1697082640213, 1697082640237, 1697082640261, 1697082640285, 1697082640309, 1697082640333, 1697082640357, 1697082640381, 1697082640405, 1697082640429, 1697082640453, 1697082640477, 1697082640500, 1697082640524, 1697082640548, 1697082640572, 1697082640596, 1697082640621, 1697082640646, 1697082640670, 1697082640693, 1697082640717, 1697082640741, 1697082640774, 1697082640798, 1697082640822, 1697082640845, 1697082640869, 1697082640893, 1697082640917, 1697082640941, 1697082640965, 1697082640988, 1697082641012, 1697082641036, 1697082641060, 1697082641093, 1697082641117, 1697082641141, 1697082641164, 1697082641188, 1697082641212, 1697082641236, 1697082641260, 1697082641284, 1697082641307, 1697082641331, 1697082641355, 1697082641379, 1697082641402, 1697082641426, 1697082641450, 1697082641474, 1697082641497, 1697082641521, 1697082641545, 1697082641569, 1697082641593, 1697082641617, 1697082641641, 1697082641665, 1697082641688, 1697082641712, 1697082641737, 1697082641772, 1697082641795, 1697082641819, 1697082641843, 1697082641867, 1697082641891, 1697082641915, 1697082641939, 1697082641964, 1697082641988, 1697082642012, 1697082642036, 1697082642060, 1697082642093, 1697082642117, 1697082642142, 1697082642166, 1697082642190, 1697082642213, 1697082642237, 1697082642261, 1697082642285, 1697082642309, 1697082642334, 1697082642359, 1697082642383, 1697082642407, 1697082642431, 1697082642455, 1697082642479, 1697082642503, 1697082642527, 1697082642552, 1697082642577, 1697082642601, 1697082642625, 1697082642649, 1697082642673, 1697082642697, 1697082642721, 1697082642745, 1697082642783, 1697082642816, 1697082642840, 1697082642865, 1697082642889, 1697082642913, 1697082642937, 1697082642961, 1697082642985, 1697082643009, 1697082643033, 1697082643056, 1697082643080, 1697082643113, 1697082643137, 1697082643161, 1697082643185, 1697082643209, 1697082643232, 1697082643256, 1697082643280, 1697082643304, 1697082643328, 1697082643352, 1697082643376, 1697082643400, 1697082643423, 1697082643447, 1697082643471, 1697082643495, 1697082643519, 1697082643543, 1697082643567, 1697082643591, 1697082643615, 1697082643639, 1697082643663, 1697082643686, 1697082643710, 1697082643734, 1697082643758, 1697082643792, 1697082643815, 1697082643840, 1697082643863, 1697082643887, 1697082643911, 1697082643935, 1697082643959, 1697082643983, 1697082644007, 1697082644031, 1697082644055, 1697082644079, 1697082644111, 1697082644135, 1697082644159, 1697082644183, 1697082644206, 1697082644230, 1697082644254, 1697082644278, 1697082644301, 1697082644325, 1697082644349, 1697082644373, 1697082644397, 1697082644420, 1697082644444, 1697082644468, 1697082644492, 1697082644516, 1697082644540, 1697082644563, 1697082644587, 1697082644611, 1697082644635, 1697082644659, 1697082644682, 1697082644706, 1697082644730, 1697082644754, 1697082644787, 1697082644810, 1697082644834, 1697082644857, 1697082644881, 1697082644905, 1697082644928, 1697082644952, 1697082644976, 1697082645000, 1697082645024, 1697082645048, 1697082645071, 1697082645095, 1697082645128, 1697082645152, 1697082645175, 1697082645199, 1697082645223, 1697082645247, 1697082645270, 1697082645294, 1697082645318, 1697082645342, 1697082645366, 1697082645390, 1697082645414, 1697082645438, 1697082645461, 1697082645485, 1697082645509, 1697082645533, 1697082645556, 1697082645580, 1697082645604, 1697082645628, 1697082645652, 1697082645676, 1697082645699, 1697082645724, 1697082645748, 1697082645771, 1697082645805, 1697082645829, 1697082645853, 1697082645877, 1697082645900, 1697082645924, 1697082645948, 1697082645972, 1697082645996, 1697082646020, 1697082646044, 1697082646068, 1697082646092, 1697082646126, 1697082646150, 1697082646174, 1697082646197, 1697082646221, 1697082646245, 1697082646269, 1697082646293, 1697082646317, 1697082646341, 1697082646364, 1697082646388, 1697082646413, 1697082646437, 1697082646461, 1697082646485, 1697082646509, 1697082646532, 1697082646556, 1697082646580, 1697082646604, 1697082646628, 1697082646651, 1697082646675, 1697082646699, 1697082646723, 1697082646746, 1697082646770, 1697082646794, 1697082646825, 1697082646850, 1697082646873, 1697082646897, 1697082646921, 1697082646945, 1697082646969, 1697082646992, 1697082647016, 1697082647040, 1697082647063, 1697082647087, 1697082647111, 1697082647144, 1697082647167, 1697082647191, 1697082647215, 1697082647239, 1697082647262, 1697082647286, 1697082647310, 1697082647334, 1697082647357, 1697082647381, 1697082647405, 1697082647428, 1697082647452, 1697082647476, 1697082647500, 1697082647523, 1697082647547, 1697082647571, 1697082647594, 1697082647618, 1697082647642, 1697082647665, 1697082647689, 1697082647713, 1697082647737, 1697082647760, 1697082647784, 1697082647818, 1697082647841, 1697082647865, 1697082647889]"
108,204,108,[],200,google/flan-ul2,1,1,182.0,1,2,H100,1697082647890,1697082648072,120,67,6,"[5, 57, 24, 24, 24, 24, 24]","[1697082647895, 1697082647952, 1697082647976, 1697082648000, 1697082648024, 1697082648048, 1697082648072]"
109,719,109,[],200,google/flan-ul2,1,1,187.0,1,2,H100,1697082648073,1697082648260,120,182,6,"[4, 64, 24, 23, 24, 24, 24]","[1697082648077, 1697082648141, 1697082648165, 1697082648188, 1697082648212, 1697082648236, 1697082648260]"
110,282,110,[],200,google/flan-ul2,1,1,514.0,1,2,H100,1697082648261,1697082648775,120,87,20,"[4, 53, 24, 24, 24, 24, 24, 24, 24, 24, 24, 24, 24, 24, 24, 24, 24, 25, 24, 24, 24]","[1697082648265, 1697082648318, 1697082648342, 1697082648366, 1697082648390, 1697082648414, 1697082648438, 1697082648462, 1697082648486, 1697082648510, 1697082648534, 1697082648558, 1697082648582, 1697082648606, 1697082648630, 1697082648654, 1697082648678, 1697082648703, 1697082648727, 1697082648751, 1697082648775]"
111,794,111,[],200,google/flan-ul2,1,1,65.0,1,2,H100,1697082648776,1697082648841,120,11,1,"[5, 60]","[1697082648781, 1697082648841]"
112,382,112,[],200,google/flan-ul2,1,1,521.0,1,2,H100,1697082648842,1697082649363,120,47,20,"[4, 51, 24, 25, 24, 24, 23, 24, 24, 24, 24, 33, 25, 24, 24, 24, 24, 24, 24, 23, 24]","[1697082648846, 1697082648897, 1697082648921, 1697082648946, 1697082648970, 1697082648994, 1697082649017, 1697082649041, 1697082649065, 1697082649089, 1697082649113, 1697082649146, 1697082649171, 1697082649195, 1697082649219, 1697082649243, 1697082649267, 1697082649291, 1697082649315, 1697082649338, 1697082649362]"
113,905,113,[],200,google/flan-ul2,1,1,55.0,1,2,H100,1697082649364,1697082649419,120,11,1,"[4, 51]","[1697082649368, 1697082649419]"
114,577,114,[],200,google/flan-ul2,1,1,249.0,1,2,H100,1697082649420,1697082649669,120,93,9,"[5, 52, 24, 25, 24, 23, 24, 24, 23, 25]","[1697082649425, 1697082649477, 1697082649501, 1697082649526, 1697082649550, 1697082649573, 1697082649597, 1697082649621, 1697082649644, 1697082649669]"
115,170,115,[],200,google/flan-ul2,1,1,400.0,1,2,H100,1697082649670,1697082650070,120,335,15,"[4, 53, 24, 24, 24, 32, 23, 24, 24, 24, 24, 24, 24, 24, 24, 24]","[1697082649674, 1697082649727, 1697082649751, 1697082649775, 1697082649799, 1697082649831, 1697082649854, 1697082649878, 1697082649902, 1697082649926, 1697082649950, 1697082649974, 1697082649998, 1697082650022, 1697082650046, 1697082650070]"
116,692,116,[],200,google/flan-ul2,1,1,523.0,1,2,H100,1697082650071,1697082650594,120,88,20,"[5, 52, 32, 24, 24, 24, 24, 24, 25, 25, 24, 24, 24, 24, 24, 24, 24, 24, 24, 24, 24]","[1697082650076, 1697082650128, 1697082650160, 1697082650184, 1697082650208, 1697082650232, 1697082650256, 1697082650280, 1697082650305, 1697082650330, 1697082650354, 1697082650378, 1697082650402, 1697082650426, 1697082650450, 1697082650474, 1697082650498, 1697082650522, 1697082650546, 1697082650570, 1697082650594]"
117,248,117,[],200,google/flan-ul2,1,1,453.0,1,2,H100,1697082650594,1697082651047,120,182,17,"[5, 55, 24, 24, 24, 25, 23, 24, 24, 32, 24, 24, 24, 24, 24, 24, 24, 25]","[1697082650599, 1697082650654, 1697082650678, 1697082650702, 1697082650726, 1697082650751, 1697082650774, 1697082650798, 1697082650822, 1697082650854, 1697082650878, 1697082650902, 1697082650926, 1697082650950, 1697082650974, 1697082650998, 1697082651022, 1697082651047]"
118,767,118,[],200,google/flan-ul2,1,1,58.0,1,2,H100,1697082651048,1697082651106,120,11,1,"[5, 53]","[1697082651053, 1697082651106]"
119,355,119,[],200,google/flan-ul2,1,1,523.0,1,2,H100,1697082651107,1697082651630,120,90,20,"[5, 61, 24, 24, 24, 24, 24, 24, 24, 24, 24, 24, 24, 24, 24, 24, 24, 24, 25, 24, 24]","[1697082651112, 1697082651173, 1697082651197, 1697082651221, 1697082651245, 1697082651269, 1697082651293, 1697082651317, 1697082651341, 1697082651365, 1697082651389, 1697082651413, 1697082651437, 1697082651461, 1697082651485, 1697082651509, 1697082651533, 1697082651557, 1697082651582, 1697082651606, 1697082651630]"
120,870,120,[],200,google/flan-ul2,1,1,523.0,1,2,H100,1697082651631,1697082652154,120,88,20,"[4, 52, 24, 24, 24, 24, 24, 24, 32, 24, 25, 24, 25, 24, 24, 24, 24, 25, 24, 24, 24]","[1697082651635, 1697082651687, 1697082651711, 1697082651735, 1697082651759, 1697082651783, 1697082651807, 1697082651831, 1697082651863, 1697082651887, 1697082651912, 1697082651936, 1697082651961, 1697082651985, 1697082652009, 1697082652033, 1697082652057, 1697082652082, 1697082652106, 1697082652130, 1697082652154]"
121,433,121,[],200,google/flan-ul2,1,1,88.0,1,2,H100,1697082652155,1697082652243,120,109,2,"[4, 61, 23]","[1697082652159, 1697082652220, 1697082652243]"
122,27,122,[],200,google/flan-ul2,1,1,1239.0,1,2,H100,1697082652244,1697082653483,120,15,50,"[5, 52, 24, 23, 25, 24, 24, 23, 24, 24, 24, 24, 24, 24, 23, 24, 24, 24, 23, 24, 24, 24, 23, 24, 33, 23, 24, 24, 23, 24, 24, 24, 23, 24, 24, 24, 23, 24, 32, 24, 24, 24, 23, 24, 24, 23, 24, 24, 23, 24, 24]","[1697082652249, 1697082652301, 1697082652325, 1697082652348, 1697082652373, 1697082652397, 1697082652421, 1697082652444, 1697082652468, 1697082652492, 1697082652516, 1697082652540, 1697082652564, 1697082652588, 1697082652611, 1697082652635, 1697082652659, 1697082652683, 1697082652706, 1697082652730, 1697082652754, 1697082652778, 1697082652801, 1697082652825, 1697082652858, 1697082652881, 1697082652905, 1697082652929, 1697082652952, 1697082652976, 1697082653000, 1697082653024, 1697082653047, 1697082653071, 1697082653095, 1697082653119, 1697082653142, 1697082653166, 1697082653198, 1697082653222, 1697082653246, 1697082653270, 1697082653293, 1697082653317, 1697082653341, 1697082653364, 1697082653388, 1697082653412, 1697082653435, 1697082653459, 1697082653483]"
123,541,123,[],200,google/flan-ul2,1,1,522.0,1,2,H100,1697082653484,1697082654006,120,90,20,"[4, 54, 24, 24, 24, 24, 23, 24, 24, 24, 24, 24, 24, 24, 24, 32, 24, 24, 24, 24, 24]","[1697082653488, 1697082653542, 1697082653566, 1697082653590, 1697082653614, 1697082653638, 1697082653661, 1697082653685, 1697082653709, 1697082653733, 1697082653757, 1697082653781, 1697082653805, 1697082653829, 1697082653853, 1697082653885, 1697082653909, 1697082653933, 1697082653957, 1697082653981, 1697082654005]"
124,105,124,[],200,google/flan-ul2,1,1,908.0,1,2,H100,1697082654006,1697082654914,120,364,36,"[5, 53, 24, 24, 23, 24, 24, 32, 23, 24, 24, 24, 23, 24, 24, 24, 23, 24, 24, 24, 23, 24, 24, 24, 24, 24, 24, 24, 24, 24, 23, 24, 24, 24, 24, 32, 24]","[1697082654011, 1697082654064, 1697082654088, 1697082654112, 1697082654135, 1697082654159, 1697082654183, 1697082654215, 1697082654238, 1697082654262, 1697082654286, 1697082654310, 1697082654333, 1697082654357, 1697082654381, 1697082654405, 1697082654428, 1697082654452, 1697082654476, 1697082654500, 1697082654523, 1697082654547, 1697082654571, 1697082654595, 1697082654619, 1697082654643, 1697082654667, 1697082654691, 1697082654715, 1697082654739, 1697082654762, 1697082654786, 1697082654810, 1697082654834, 1697082654858, 1697082654890, 1697082654914]"
125,618,125,[],200,google/flan-ul2,1,1,57.0,1,2,H100,1697082654915,1697082654972,120,9,1,"[5, 52]","[1697082654920, 1697082654972]"
126,204,126,[],200,google/flan-ul2,1,1,175.0,1,2,H100,1697082654973,1697082655148,120,67,6,"[4, 52, 24, 24, 23, 24, 24]","[1697082654977, 1697082655029, 1697082655053, 1697082655077, 1697082655100, 1697082655124, 1697082655148]"
127,725,127,[],200,google/flan-ul2,1,1,520.0,1,2,H100,1697082655149,1697082655669,120,90,20,"[5, 60, 24, 24, 24, 24, 24, 23, 24, 24, 24, 24, 24, 24, 24, 24, 24, 24, 24, 24, 24]","[1697082655154, 1697082655214, 1697082655238, 1697082655262, 1697082655286, 1697082655310, 1697082655334, 1697082655357, 1697082655381, 1697082655405, 1697082655429, 1697082655453, 1697082655477, 1697082655501, 1697082655525, 1697082655549, 1697082655573, 1697082655597, 1697082655621, 1697082655645, 1697082655669]"
128,398,128,[],200,google/flan-ul2,1,1,520.0,1,2,H100,1697082655670,1697082656190,120,87,20,"[4, 53, 24, 24, 23, 24, 24, 24, 31, 24, 24, 24, 25, 24, 24, 24, 24, 24, 24, 24, 24]","[1697082655674, 1697082655727, 1697082655751, 1697082655775, 1697082655798, 1697082655822, 1697082655846, 1697082655870, 1697082655901, 1697082655925, 1697082655949, 1697082655973, 1697082655998, 1697082656022, 1697082656046, 1697082656070, 1697082656094, 1697082656118, 1697082656142, 1697082656166, 1697082656190]"
129,919,129,[],200,google/flan-ul2,1,1,64.0,1,2,H100,1697082656191,1697082656255,120,14,1,"[5, 59]","[1697082656196, 1697082656255]"
130,513,130,[],200,google/flan-ul2,1,1,514.0,1,2,H100,1697082656256,1697082656770,120,83,20,"[4, 53, 23, 24, 24, 24, 24, 24, 24, 24, 24, 25, 24, 24, 24, 24, 24, 24, 24, 25, 24]","[1697082656260, 1697082656313, 1697082656336, 1697082656360, 1697082656384, 1697082656408, 1697082656432, 1697082656456, 1697082656480, 1697082656504, 1697082656528, 1697082656553, 1697082656577, 1697082656601, 1697082656625, 1697082656649, 1697082656673, 1697082656697, 1697082656721, 1697082656746, 1697082656770]"
131,69,131,[],200,google/flan-ul2,1,1,528.0,1,2,H100,1697082656771,1697082657299,120,85,20,"[4, 52, 24, 24, 32, 24, 24, 24, 23, 24, 25, 24, 24, 24, 24, 24, 24, 32, 24, 24, 24]","[1697082656775, 1697082656827, 1697082656851, 1697082656875, 1697082656907, 1697082656931, 1697082656955, 1697082656979, 1697082657002, 1697082657026, 1697082657051, 1697082657075, 1697082657099, 1697082657123, 1697082657147, 1697082657171, 1697082657195, 1697082657227, 1697082657251, 1697082657275, 1697082657299]"
132,592,132,[],200,google/flan-ul2,1,1,1234.0,1,2,H100,1697082657300,1697082658534,120,15,50,"[5, 52, 24, 24, 23, 24, 23, 24, 23, 24, 24, 23, 24, 24, 23, 24, 23, 24, 24, 24, 23, 24, 24, 23, 33, 23, 24, 24, 23, 24, 24, 24, 23, 24, 23, 24, 24, 23, 33, 23, 24, 24, 24, 23, 24, 23, 24, 23, 24, 24, 23]","[1697082657305, 1697082657357, 1697082657381, 1697082657405, 1697082657428, 1697082657452, 1697082657475, 1697082657499, 1697082657522, 1697082657546, 1697082657570, 1697082657593, 1697082657617, 1697082657641, 1697082657664, 1697082657688, 1697082657711, 1697082657735, 1697082657759, 1697082657783, 1697082657806, 1697082657830, 1697082657854, 1697082657877, 1697082657910, 1697082657933, 1697082657957, 1697082657981, 1697082658004, 1697082658028, 1697082658052, 1697082658076, 1697082658099, 1697082658123, 1697082658146, 1697082658170, 1697082658194, 1697082658217, 1697082658250, 1697082658273, 1697082658297, 1697082658321, 1697082658345, 1697082658368, 1697082658392, 1697082658415, 1697082658439, 1697082658462, 1697082658486, 1697082658510, 1697082658533]"
133,180,133,[],200,google/flan-ul2,1,1,319.0,1,2,H100,1697082658534,1697082658853,120,123,12,"[5, 53, 24, 23, 24, 23, 24, 24, 24, 23, 24, 24, 24]","[1697082658539, 1697082658592, 1697082658616, 1697082658639, 1697082658663, 1697082658686, 1697082658710, 1697082658734, 1697082658758, 1697082658781, 1697082658805, 1697082658829, 1697082658853]"
134,691,134,[],200,google/flan-ul2,1,1,64.0,1,2,H100,1697082658854,1697082658918,120,47,1,"[4, 60]","[1697082658858, 1697082658918]"
135,255,135,[],200,google/flan-ul2,1,1,2924.0,1,2,H100,1697082658919,1697082661843,120,216,119,"[5, 53, 24, 24, 23, 24, 23, 24, 24, 24, 24, 24, 32, 24, 24, 24, 23, 24, 24, 24, 24, 23, 24, 24, 24, 24, 24, 24, 23, 24, 24, 24, 24, 24, 24, 24, 24, 24, 23, 24, 32, 24, 24, 24, 24, 24, 24, 24, 24, 24, 24, 24, 23, 24, 33, 24, 24, 24, 24, 23, 24, 24, 24, 24, 24, 24, 23, 25, 23, 24, 24, 24, 24, 24, 24, 24, 24, 23, 24, 24, 24, 24, 32, 24, 24, 24, 24, 25, 24, 24, 24, 24, 24, 25, 24, 34, 24, 24, 24, 24, 24, 24, 24, 23, 25, 24, 24, 24, 24, 24, 23, 25, 24, 24, 23, 24, 24, 24, 24, 24]","[1697082658924, 1697082658977, 1697082659001, 1697082659025, 1697082659048, 1697082659072, 1697082659095, 1697082659119, 1697082659143, 1697082659167, 1697082659191, 1697082659215, 1697082659247, 1697082659271, 1697082659295, 1697082659319, 1697082659342, 1697082659366, 1697082659390, 1697082659414, 1697082659438, 1697082659461, 1697082659485, 1697082659509, 1697082659533, 1697082659557, 1697082659581, 1697082659605, 1697082659628, 1697082659652, 1697082659676, 1697082659700, 1697082659724, 1697082659748, 1697082659772, 1697082659796, 1697082659820, 1697082659844, 1697082659867, 1697082659891, 1697082659923, 1697082659947, 1697082659971, 1697082659995, 1697082660019, 1697082660043, 1697082660067, 1697082660091, 1697082660115, 1697082660139, 1697082660163, 1697082660187, 1697082660210, 1697082660234, 1697082660267, 1697082660291, 1697082660315, 1697082660339, 1697082660363, 1697082660386, 1697082660410, 1697082660434, 1697082660458, 1697082660482, 1697082660506, 1697082660530, 1697082660553, 1697082660578, 1697082660601, 1697082660625, 1697082660649, 1697082660673, 1697082660697, 1697082660721, 1697082660745, 1697082660769, 1697082660793, 1697082660816, 1697082660840, 1697082660864, 1697082660888, 1697082660912, 1697082660944, 1697082660968, 1697082660992, 1697082661016, 1697082661040, 1697082661065, 1697082661089, 1697082661113, 1697082661137, 1697082661161, 1697082661185, 1697082661210, 1697082661234, 1697082661268, 1697082661292, 1697082661316, 1697082661340, 1697082661364, 1697082661388, 1697082661412, 1697082661436, 1697082661459, 1697082661484, 1697082661508, 1697082661532, 1697082661556, 1697082661580, 1697082661604, 1697082661627, 1697082661652, 1697082661676, 1697082661700, 1697082661723, 1697082661747, 1697082661771, 1697082661795, 1697082661819, 1697082661843]"
136,769,136,[],200,google/flan-ul2,1,1,531.0,1,2,H100,1697082661844,1697082662375,120,47,20,"[4, 52, 33, 25, 23, 24, 24, 24, 24, 24, 25, 24, 24, 24, 24, 23, 33, 24, 24, 25, 24]","[1697082661848, 1697082661900, 1697082661933, 1697082661958, 1697082661981, 1697082662005, 1697082662029, 1697082662053, 1697082662077, 1697082662101, 1697082662126, 1697082662150, 1697082662174, 1697082662198, 1697082662222, 1697082662245, 1697082662278, 1697082662302, 1697082662326, 1697082662351, 1697082662375]"
137,363,137,[],200,google/flan-ul2,1,1,567.0,1,2,H100,1697082662376,1697082662943,120,286,22,"[4, 55, 24, 24, 23, 24, 23, 24, 24, 23, 24, 24, 23, 24, 24, 24, 24, 24, 24, 24, 24, 24, 32]","[1697082662380, 1697082662435, 1697082662459, 1697082662483, 1697082662506, 1697082662530, 1697082662553, 1697082662577, 1697082662601, 1697082662624, 1697082662648, 1697082662672, 1697082662695, 1697082662719, 1697082662743, 1697082662767, 1697082662791, 1697082662815, 1697082662839, 1697082662863, 1697082662887, 1697082662911, 1697082662943]"
138,855,138,[],200,google/flan-ul2,1,1,523.0,1,2,H100,1697082662944,1697082663467,120,83,20,"[5, 53, 24, 24, 24, 24, 24, 24, 24, 24, 24, 24, 32, 25, 24, 24, 24, 24, 24, 24, 24]","[1697082662949, 1697082663002, 1697082663026, 1697082663050, 1697082663074, 1697082663098, 1697082663122, 1697082663146, 1697082663170, 1697082663194, 1697082663218, 1697082663242, 1697082663274, 1697082663299, 1697082663323, 1697082663347, 1697082663371, 1697082663395, 1697082663419, 1697082663443, 1697082663467]"
139,441,139,[],200,google/flan-ul2,1,1,58.0,1,2,H100,1697082663468,1697082663526,120,6,1,"[5, 53]","[1697082663473, 1697082663526]"
140,29,140,[],200,google/flan-ul2,1,1,178.0,1,2,H100,1697082663526,1697082663704,120,161,6,"[5, 54, 24, 24, 23, 24, 24]","[1697082663531, 1697082663585, 1697082663609, 1697082663633, 1697082663656, 1697082663680, 1697082663704]"
141,548,141,[],200,google/flan-ul2,1,1,525.0,1,2,H100,1697082663704,1697082664229,120,86,20,"[5, 53, 23, 24, 24, 25, 25, 24, 24, 32, 24, 24, 25, 24, 24, 24, 24, 25, 24, 24, 24]","[1697082663709, 1697082663762, 1697082663785, 1697082663809, 1697082663833, 1697082663858, 1697082663883, 1697082663907, 1697082663931, 1697082663963, 1697082663987, 1697082664011, 1697082664036, 1697082664060, 1697082664084, 1697082664108, 1697082664132, 1697082664157, 1697082664181, 1697082664205, 1697082664229]"
142,219,142,[],200,google/flan-ul2,1,1,524.0,1,2,H100,1697082664230,1697082664754,120,90,20,"[4, 62, 24, 24, 24, 24, 24, 25, 23, 25, 24, 24, 24, 25, 24, 24, 24, 24, 24, 24, 24]","[1697082664234, 1697082664296, 1697082664320, 1697082664344, 1697082664368, 1697082664392, 1697082664416, 1697082664441, 1697082664464, 1697082664489, 1697082664513, 1697082664537, 1697082664561, 1697082664586, 1697082664610, 1697082664634, 1697082664658, 1697082664682, 1697082664706, 1697082664730, 1697082664754]"
143,742,143,[],200,google/flan-ul2,1,1,533.0,1,2,H100,1697082664755,1697082665288,120,89,20,"[5, 53, 24, 24, 24, 24, 24, 32, 24, 24, 24, 24, 24, 24, 25, 24, 24, 24, 24, 25, 32]","[1697082664760, 1697082664813, 1697082664837, 1697082664861, 1697082664885, 1697082664909, 1697082664933, 1697082664965, 1697082664989, 1697082665013, 1697082665037, 1697082665061, 1697082665085, 1697082665109, 1697082665134, 1697082665158, 1697082665182, 1697082665206, 1697082665230, 1697082665255, 1697082665287]"
144,330,144,[],200,google/flan-ul2,1,1,369.0,1,2,H100,1697082665288,1697082665657,120,345,14,"[5, 53, 24, 24, 24, 23, 24, 25, 24, 24, 24, 24, 23, 24, 24]","[1697082665293, 1697082665346, 1697082665370, 1697082665394, 1697082665418, 1697082665441, 1697082665465, 1697082665490, 1697082665514, 1697082665538, 1697082665562, 1697082665586, 1697082665609, 1697082665633, 1697082665657]"
145,820,145,[],200,google/flan-ul2,1,1,251.0,1,2,H100,1697082665658,1697082665909,120,161,9,"[8, 53, 24, 24, 23, 24, 24, 23, 24, 24]","[1697082665666, 1697082665719, 1697082665743, 1697082665767, 1697082665790, 1697082665814, 1697082665838, 1697082665861, 1697082665885, 1697082665909]"
146,412,146,[],200,google/flan-ul2,1,1,256.0,1,2,H100,1697082665910,1697082666166,120,244,9,"[5, 61, 24, 24, 24, 23, 24, 23, 24, 24]","[1697082665915, 1697082665976, 1697082666000, 1697082666024, 1697082666048, 1697082666071, 1697082666095, 1697082666118, 1697082666142, 1697082666166]"
147,2,147,[],200,google/flan-ul2,1,1,182.0,1,2,H100,1697082666167,1697082666349,120,58,6,"[4, 51, 24, 24, 32, 24, 23]","[1697082666171, 1697082666222, 1697082666246, 1697082666270, 1697082666302, 1697082666326, 1697082666349]"
148,516,148,[],200,google/flan-ul2,1,1,177.0,1,2,H100,1697082666350,1697082666527,120,140,6,"[5, 54, 23, 24, 24, 24, 23]","[1697082666355, 1697082666409, 1697082666432, 1697082666456, 1697082666480, 1697082666504, 1697082666527]"
149,77,149,[],200,google/flan-ul2,1,1,667.0,1,2,H100,1697082666528,1697082667195,120,92,20,"[5, 52, 24, 24, 24, 23, 24, 24, 24, 24, 24, 24, 23, 25, 177, 25, 24, 24, 25, 24, 24]","[1697082666533, 1697082666585, 1697082666609, 1697082666633, 1697082666657, 1697082666680, 1697082666704, 1697082666728, 1697082666752, 1697082666776, 1697082666800, 1697082666824, 1697082666847, 1697082666872, 1697082667049, 1697082667074, 1697082667098, 1697082667122, 1697082667147, 1697082667171, 1697082667195]"
150,590,150,[],200,google/flan-ul2,1,1,522.0,1,2,H100,1697082667196,1697082667718,120,88,20,"[5, 53, 24, 32, 24, 24, 23, 25, 24, 23, 24, 24, 24, 24, 24, 24, 24, 24, 24, 25, 24]","[1697082667201, 1697082667254, 1697082667278, 1697082667310, 1697082667334, 1697082667358, 1697082667381, 1697082667406, 1697082667430, 1697082667453, 1697082667477, 1697082667501, 1697082667525, 1697082667549, 1697082667573, 1697082667597, 1697082667621, 1697082667645, 1697082667669, 1697082667694, 1697082667718]"
151,180,151,[],200,google/flan-ul2,1,1,326.0,1,2,H100,1697082667719,1697082668045,120,123,12,"[4, 53, 24, 23, 24, 24, 23, 24, 24, 24, 32, 23, 24]","[1697082667723, 1697082667776, 1697082667800, 1697082667823, 1697082667847, 1697082667871, 1697082667894, 1697082667918, 1697082667942, 1697082667966, 1697082667998, 1697082668021, 1697082668045]"
152,700,152,[],200,google/flan-ul2,1,1,837.0,1,2,H100,1697082668046,1697082668883,120,140,33,"[5, 54, 24, 24, 24, 24, 24, 24, 24, 24, 33, 24, 24, 24, 24, 24, 24, 24, 25, 23, 24, 25, 24, 24, 24, 24, 24, 24, 24, 24, 24, 24, 24, 24]","[1697082668051, 1697082668105, 1697082668129, 1697082668153, 1697082668177, 1697082668201, 1697082668225, 1697082668249, 1697082668273, 1697082668297, 1697082668330, 1697082668354, 1697082668378, 1697082668402, 1697082668426, 1697082668450, 1697082668474, 1697082668498, 1697082668523, 1697082668546, 1697082668570, 1697082668595, 1697082668619, 1697082668643, 1697082668667, 1697082668691, 1697082668715, 1697082668739, 1697082668763, 1697082668787, 1697082668811, 1697082668835, 1697082668859, 1697082668883]"
153,261,153,[],200,google/flan-ul2,1,1,85.0,1,2,H100,1697082668884,1697082668969,120,874,2,"[5, 56, 24]","[1697082668889, 1697082668945, 1697082668969]"
154,784,154,[],200,google/flan-ul2,1,1,528.0,1,2,H100,1697082668970,1697082669498,120,89,20,"[4, 60, 24, 24, 24, 24, 24, 23, 24, 24, 24, 24, 24, 33, 24, 23, 24, 24, 25, 23, 25]","[1697082668974, 1697082669034, 1697082669058, 1697082669082, 1697082669106, 1697082669130, 1697082669154, 1697082669177, 1697082669201, 1697082669225, 1697082669249, 1697082669273, 1697082669297, 1697082669330, 1697082669354, 1697082669377, 1697082669401, 1697082669425, 1697082669450, 1697082669473, 1697082669498]"
155,373,155,[],200,google/flan-ul2,1,1,57.0,1,2,H100,1697082669499,1697082669556,120,15,1,"[4, 53]","[1697082669503, 1697082669556]"
156,43,156,[],200,google/flan-ul2,1,1,228.0,1,2,H100,1697082669557,1697082669785,120,732,8,"[4, 54, 23, 24, 24, 24, 23, 24, 27]","[1697082669561, 1697082669615, 1697082669638, 1697082669662, 1697082669686, 1697082669710, 1697082669733, 1697082669757, 1697082669784]"
157,563,157,[],200,google/flan-ul2,1,1,473.0,1,2,H100,1697082669785,1697082670258,120,874,18,"[5, 56, 23, 24, 24, 24, 23, 24, 32, 23, 24, 24, 24, 23, 24, 24, 24, 24, 24]","[1697082669790, 1697082669846, 1697082669869, 1697082669893, 1697082669917, 1697082669941, 1697082669964, 1697082669988, 1697082670020, 1697082670043, 1697082670067, 1697082670091, 1697082670115, 1697082670138, 1697082670162, 1697082670186, 1697082670210, 1697082670234, 1697082670258]"
158,153,158,[],200,google/flan-ul2,1,1,136.0,1,2,H100,1697082670259,1697082670395,120,335,4,"[4, 53, 32, 24, 23]","[1697082670263, 1697082670316, 1697082670348, 1697082670372, 1697082670395]"
159,666,159,[],200,google/flan-ul2,1,1,515.0,1,2,H100,1697082670396,1697082670911,120,84,20,"[5, 52, 24, 24, 24, 24, 24, 24, 24, 24, 24, 24, 24, 25, 24, 24, 24, 24, 24, 25, 24]","[1697082670401, 1697082670453, 1697082670477, 1697082670501, 1697082670525, 1697082670549, 1697082670573, 1697082670597, 1697082670621, 1697082670645, 1697082670669, 1697082670693, 1697082670717, 1697082670742, 1697082670766, 1697082670790, 1697082670814, 1697082670838, 1697082670862, 1697082670887, 1697082670911]"
160,235,160,[],200,google/flan-ul2,1,1,326.0,1,2,H100,1697082670912,1697082671238,120,161,12,"[5, 52, 24, 32, 24, 23, 24, 23, 24, 24, 23, 24, 24]","[1697082670917, 1697082670969, 1697082670993, 1697082671025, 1697082671049, 1697082671072, 1697082671096, 1697082671119, 1697082671143, 1697082671167, 1697082671190, 1697082671214, 1697082671238]"
161,748,161,[],200,google/flan-ul2,1,1,374.0,1,2,H100,1697082671239,1697082671613,120,182,14,"[4, 53, 24, 32, 24, 24, 23, 24, 23, 24, 24, 24, 23, 24, 24]","[1697082671243, 1697082671296, 1697082671320, 1697082671352, 1697082671376, 1697082671400, 1697082671423, 1697082671447, 1697082671470, 1697082671494, 1697082671518, 1697082671542, 1697082671565, 1697082671589, 1697082671613]"
162,338,162,[],200,google/flan-ul2,1,1,523.0,1,2,H100,1697082671614,1697082672137,120,84,20,"[4, 53, 24, 24, 24, 24, 23, 25, 24, 23, 24, 25, 24, 24, 24, 33, 24, 24, 25, 24, 24]","[1697082671618, 1697082671671, 1697082671695, 1697082671719, 1697082671743, 1697082671767, 1697082671790, 1697082671815, 1697082671839, 1697082671862, 1697082671886, 1697082671911, 1697082671935, 1697082671959, 1697082671983, 1697082672016, 1697082672040, 1697082672064, 1697082672089, 1697082672113, 1697082672137]"
163,829,163,[],200,google/flan-ul2,1,1,55.0,1,2,H100,1697082672138,1697082672193,120,20,1,"[5, 50]","[1697082672143, 1697082672193]"
164,413,164,[],200,google/flan-ul2,1,1,1256.0,1,2,H100,1697082672194,1697082673450,120,244,50,"[5, 53, 24, 23, 24, 33, 23, 24, 24, 24, 24, 24, 23, 24, 24, 24, 23, 24, 24, 24, 24, 24, 24, 24, 24, 24, 24, 24, 24, 24, 23, 24, 24, 32, 24, 24, 24, 24, 24, 24, 24, 24, 24, 24, 24, 24, 33, 25, 24, 24, 24]","[1697082672199, 1697082672252, 1697082672276, 1697082672299, 1697082672323, 1697082672356, 1697082672379, 1697082672403, 1697082672427, 1697082672451, 1697082672475, 1697082672499, 1697082672522, 1697082672546, 1697082672570, 1697082672594, 1697082672617, 1697082672641, 1697082672665, 1697082672689, 1697082672713, 1697082672737, 1697082672761, 1697082672785, 1697082672809, 1697082672833, 1697082672857, 1697082672881, 1697082672905, 1697082672929, 1697082672952, 1697082672976, 1697082673000, 1697082673032, 1697082673056, 1697082673080, 1697082673104, 1697082673128, 1697082673152, 1697082673176, 1697082673200, 1697082673224, 1697082673248, 1697082673272, 1697082673296, 1697082673320, 1697082673353, 1697082673378, 1697082673402, 1697082673426, 1697082673450]"
165,1,165,[],200,google/flan-ul2,1,1,1081.0,1,2,H100,1697082673451,1697082674532,120,47,43,"[5, 51, 23, 24, 24, 24, 24, 24, 23, 24, 25, 24, 23, 25, 24, 24, 24, 24, 24, 24, 24, 24, 24, 33, 24, 24, 24, 24, 24, 24, 24, 24, 24, 24, 24, 24, 33, 24, 24, 24, 24, 24, 24, 24]","[1697082673456, 1697082673507, 1697082673530, 1697082673554, 1697082673578, 1697082673602, 1697082673626, 1697082673650, 1697082673673, 1697082673697, 1697082673722, 1697082673746, 1697082673769, 1697082673794, 1697082673818, 1697082673842, 1697082673866, 1697082673890, 1697082673914, 1697082673938, 1697082673962, 1697082673986, 1697082674010, 1697082674043, 1697082674067, 1697082674091, 1697082674115, 1697082674139, 1697082674163, 1697082674187, 1697082674211, 1697082674235, 1697082674259, 1697082674283, 1697082674307, 1697082674331, 1697082674364, 1697082674388, 1697082674412, 1697082674436, 1697082674460, 1697082674484, 1697082674508, 1697082674532]"
166,524,166,[],200,google/flan-ul2,1,1,762.0,1,2,H100,1697082674533,1697082675295,120,100,30,"[4, 54, 23, 24, 24, 24, 23, 24, 24, 24, 24, 25, 24, 24, 24, 24, 24, 24, 24, 24, 33, 24, 24, 24, 24, 24, 24, 24, 24, 24, 24]","[1697082674537, 1697082674591, 1697082674614, 1697082674638, 1697082674662, 1697082674686, 1697082674709, 1697082674733, 1697082674757, 1697082674781, 1697082674805, 1697082674830, 1697082674854, 1697082674878, 1697082674902, 1697082674926, 1697082674950, 1697082674974, 1697082674998, 1697082675022, 1697082675055, 1697082675079, 1697082675103, 1697082675127, 1697082675151, 1697082675175, 1697082675199, 1697082675223, 1697082675247, 1697082675271, 1697082675295]"
167,79,167,[],200,google/flan-ul2,1,1,56.0,1,2,H100,1697082675296,1697082675352,120,12,1,"[4, 52]","[1697082675300, 1697082675352]"
168,605,168,[],200,google/flan-ul2,1,1,65.0,1,2,H100,1697082675353,1697082675418,120,8,1,"[5, 60]","[1697082675358, 1697082675418]"
169,193,169,[],200,google/flan-ul2,1,1,514.0,1,2,H100,1697082675419,1697082675933,120,79,20,"[4, 52, 24, 24, 24, 24, 24, 24, 24, 24, 24, 24, 24, 24, 24, 24, 24, 25, 24, 25, 24]","[1697082675423, 1697082675475, 1697082675499, 1697082675523, 1697082675547, 1697082675571, 1697082675595, 1697082675619, 1697082675643, 1697082675667, 1697082675691, 1697082675715, 1697082675739, 1697082675763, 1697082675787, 1697082675811, 1697082675835, 1697082675860, 1697082675884, 1697082675909, 1697082675933]"
170,795,170,[],200,google/flan-ul2,1,1,56.0,1,2,H100,1697082675934,1697082675990,120,12,1,"[5, 51]","[1697082675939, 1697082675990]"
171,387,171,[],200,google/flan-ul2,1,1,696.0,1,2,H100,1697082675991,1697082676687,120,39,27,"[5, 58, 24, 24, 23, 24, 24, 25, 24, 24, 24, 24, 24, 24, 24, 32, 24, 25, 24, 24, 24, 24, 24, 24, 24, 24, 24, 24]","[1697082675996, 1697082676054, 1697082676078, 1697082676102, 1697082676125, 1697082676149, 1697082676173, 1697082676198, 1697082676222, 1697082676246, 1697082676270, 1697082676294, 1697082676318, 1697082676342, 1697082676366, 1697082676398, 1697082676422, 1697082676447, 1697082676471, 1697082676495, 1697082676519, 1697082676543, 1697082676567, 1697082676591, 1697082676615, 1697082676639, 1697082676663, 1697082676687]"
172,899,172,[],200,google/flan-ul2,1,1,527.0,1,2,H100,1697082676688,1697082677215,120,100,20,"[4, 54, 24, 24, 24, 23, 24, 24, 24, 25, 24, 25, 26, 24, 33, 24, 24, 25, 24, 24, 24]","[1697082676692, 1697082676746, 1697082676770, 1697082676794, 1697082676818, 1697082676841, 1697082676865, 1697082676889, 1697082676913, 1697082676938, 1697082676962, 1697082676987, 1697082677013, 1697082677037, 1697082677070, 1697082677094, 1697082677118, 1697082677143, 1697082677167, 1697082677191, 1697082677215]"
173,489,173,[],200,google/flan-ul2,1,1,764.0,1,2,H100,1697082677216,1697082677980,120,79,30,"[5, 56, 25, 24, 24, 24, 33, 24, 24, 24, 24, 23, 24, 25, 23, 24, 24, 24, 23, 24, 24, 24, 24, 24, 24, 24, 24, 24, 23, 24, 24]","[1697082677221, 1697082677277, 1697082677302, 1697082677326, 1697082677350, 1697082677374, 1697082677407, 1697082677431, 1697082677455, 1697082677479, 1697082677503, 1697082677526, 1697082677550, 1697082677575, 1697082677598, 1697082677622, 1697082677646, 1697082677670, 1697082677693, 1697082677717, 1697082677741, 1697082677765, 1697082677789, 1697082677813, 1697082677837, 1697082677861, 1697082677885, 1697082677909, 1697082677932, 1697082677956, 1697082677980]"
174,52,174,[],200,google/flan-ul2,1,1,185.0,1,2,H100,1697082677981,1697082678166,120,58,6,"[5, 52, 32, 25, 23, 24, 24]","[1697082677986, 1697082678038, 1697082678070, 1697082678095, 1697082678118, 1697082678142, 1697082678166]"
175,571,175,[],200,google/flan-ul2,1,1,81.0,1,2,H100,1697082678167,1697082678248,120,67,2,"[4, 53, 24]","[1697082678171, 1697082678224, 1697082678248]"
176,159,176,[],200,google/flan-ul2,1,1,55.0,1,2,H100,1697082678249,1697082678304,120,31,1,"[5, 50]","[1697082678254, 1697082678304]"
177,652,177,[],200,google/flan-ul2,1,1,56.0,1,2,H100,1697082678305,1697082678361,120,14,1,"[4, 52]","[1697082678309, 1697082678361]"
178,237,178,[],200,google/flan-ul2,1,1,523.0,1,2,H100,1697082678362,1697082678885,120,87,20,"[4, 62, 24, 24, 24, 24, 24, 24, 24, 24, 24, 24, 24, 24, 25, 24, 24, 24, 24, 24, 24]","[1697082678366, 1697082678428, 1697082678452, 1697082678476, 1697082678500, 1697082678524, 1697082678548, 1697082678572, 1697082678596, 1697082678620, 1697082678644, 1697082678668, 1697082678692, 1697082678716, 1697082678741, 1697082678765, 1697082678789, 1697082678813, 1697082678837, 1697082678861, 1697082678885]"
179,756,179,[],200,google/flan-ul2,1,1,55.0,1,2,H100,1697082678886,1697082678941,120,19,1,"[4, 51]","[1697082678890, 1697082678941]"
180,344,180,[],200,google/flan-ul2,1,1,56.0,1,2,H100,1697082678942,1697082678998,120,13,1,"[4, 51]","[1697082678946, 1697082678997]"
181,831,181,[],200,google/flan-ul2,1,1,57.0,1,2,H100,1697082678998,1697082679055,120,11,1,"[5, 52]","[1697082679003, 1697082679055]"
182,422,182,[],200,google/flan-ul2,1,1,63.0,1,2,H100,1697082679057,1697082679120,120,26,1,"[4, 59]","[1697082679061, 1697082679120]"
183,16,183,[],200,google/flan-ul2,1,1,55.0,1,2,H100,1697082679121,1697082679176,120,9,1,"[4, 51]","[1697082679125, 1697082679176]"
184,617,184,[],200,google/flan-ul2,1,1,526.0,1,2,H100,1697082679177,1697082679703,120,87,20,"[5, 52, 24, 24, 23, 26, 25, 24, 32, 25, 24, 24, 24, 25, 24, 24, 24, 24, 24, 25, 24]","[1697082679182, 1697082679234, 1697082679258, 1697082679282, 1697082679305, 1697082679331, 1697082679356, 1697082679380, 1697082679412, 1697082679437, 1697082679461, 1697082679485, 1697082679509, 1697082679534, 1697082679558, 1697082679582, 1697082679606, 1697082679630, 1697082679654, 1697082679679, 1697082679703]"
185,210,185,[],200,google/flan-ul2,1,1,83.0,1,2,H100,1697082679704,1697082679787,120,140,2,"[4, 55, 24]","[1697082679708, 1697082679763, 1697082679787]"
186,723,186,[],200,google/flan-ul2,1,1,56.0,1,2,H100,1697082679788,1697082679844,120,14,1,"[5, 51]","[1697082679793, 1697082679844]"
187,310,187,[],200,google/flan-ul2,1,1,55.0,1,2,H100,1697082679845,1697082679900,120,26,1,"[5, 50]","[1697082679850, 1697082679900]"
188,801,188,[],200,google/flan-ul2,1,1,529.0,1,2,H100,1697082679901,1697082680430,120,47,20,"[4, 51, 24, 25, 24, 24, 24, 31, 24, 24, 24, 24, 24, 24, 24, 24, 25, 24, 24, 24, 33]","[1697082679905, 1697082679956, 1697082679980, 1697082680005, 1697082680029, 1697082680053, 1697082680077, 1697082680108, 1697082680132, 1697082680156, 1697082680180, 1697082680204, 1697082680228, 1697082680252, 1697082680276, 1697082680300, 1697082680325, 1697082680349, 1697082680373, 1697082680397, 1697082680430]"
189,388,189,[],200,google/flan-ul2,1,1,515.0,1,2,H100,1697082680431,1697082680946,120,87,20,"[4, 53, 24, 24, 24, 24, 24, 24, 24, 24, 24, 24, 24, 25, 24, 24, 24, 24, 24, 24, 25]","[1697082680435, 1697082680488, 1697082680512, 1697082680536, 1697082680560, 1697082680584, 1697082680608, 1697082680632, 1697082680656, 1697082680680, 1697082680704, 1697082680728, 1697082680752, 1697082680777, 1697082680801, 1697082680825, 1697082680849, 1697082680873, 1697082680897, 1697082680921, 1697082680946]"
190,905,190,[],200,google/flan-ul2,1,1,56.0,1,2,H100,1697082680947,1697082681003,120,11,1,"[4, 52]","[1697082680951, 1697082681003]"
191,473,191,[],200,google/flan-ul2,1,1,1258.0,1,2,H100,1697082681004,1697082682262,120,244,50,"[5, 52, 24, 33, 24, 23, 24, 24, 24, 24, 24, 24, 24, 24, 24, 23, 33, 24, 25, 24, 24, 24, 24, 24, 23, 24, 24, 24, 24, 24, 24, 24, 24, 24, 24, 24, 24, 24, 24, 24, 24, 24, 24, 24, 33, 24, 24, 24, 24, 24, 24]","[1697082681009, 1697082681061, 1697082681085, 1697082681118, 1697082681142, 1697082681165, 1697082681189, 1697082681213, 1697082681237, 1697082681261, 1697082681285, 1697082681309, 1697082681333, 1697082681357, 1697082681381, 1697082681404, 1697082681437, 1697082681461, 1697082681486, 1697082681510, 1697082681534, 1697082681558, 1697082681582, 1697082681606, 1697082681629, 1697082681653, 1697082681677, 1697082681701, 1697082681725, 1697082681749, 1697082681773, 1697082681797, 1697082681821, 1697082681845, 1697082681869, 1697082681893, 1697082681917, 1697082681941, 1697082681965, 1697082681989, 1697082682013, 1697082682037, 1697082682061, 1697082682085, 1697082682118, 1697082682142, 1697082682166, 1697082682190, 1697082682214, 1697082682238, 1697082682262]"
192,60,192,[],200,google/flan-ul2,1,1,909.0,1,2,H100,1697082682263,1697082683172,120,93,36,"[4, 54, 24, 24, 23, 24, 33, 24, 23, 24, 24, 24, 24, 24, 24, 23, 24, 24, 24, 24, 23, 24, 24, 24, 24, 24, 24, 24, 23, 24, 24, 24, 23, 24, 32, 24, 24]","[1697082682267, 1697082682321, 1697082682345, 1697082682369, 1697082682392, 1697082682416, 1697082682449, 1697082682473, 1697082682496, 1697082682520, 1697082682544, 1697082682568, 1697082682592, 1697082682616, 1697082682640, 1697082682663, 1697082682687, 1697082682711, 1697082682735, 1697082682759, 1697082682782, 1697082682806, 1697082682830, 1697082682854, 1697082682878, 1697082682902, 1697082682926, 1697082682950, 1697082682973, 1697082682997, 1697082683021, 1697082683045, 1697082683068, 1697082683092, 1697082683124, 1697082683148, 1697082683172]"
193,581,193,[],200,google/flan-ul2,1,1,522.0,1,2,H100,1697082683173,1697082683695,120,47,20,"[5, 51, 24, 24, 24, 24, 24, 24, 24, 24, 33, 24, 24, 24, 24, 24, 24, 25, 24, 24, 24]","[1697082683178, 1697082683229, 1697082683253, 1697082683277, 1697082683301, 1697082683325, 1697082683349, 1697082683373, 1697082683397, 1697082683421, 1697082683454, 1697082683478, 1697082683502, 1697082683526, 1697082683550, 1697082683574, 1697082683598, 1697082683623, 1697082683647, 1697082683671, 1697082683695]"
194,167,194,[],200,google/flan-ul2,1,1,523.0,1,2,H100,1697082683696,1697082684219,120,88,20,"[5, 52, 24, 24, 24, 24, 24, 24, 24, 24, 24, 24, 24, 25, 24, 24, 32, 24, 24, 24, 24]","[1697082683701, 1697082683753, 1697082683777, 1697082683801, 1697082683825, 1697082683849, 1697082683873, 1697082683897, 1697082683921, 1697082683945, 1697082683969, 1697082683993, 1697082684017, 1697082684042, 1697082684066, 1697082684090, 1697082684122, 1697082684146, 1697082684170, 1697082684194, 1697082684218]"
195,651,195,[],200,google/flan-ul2,1,1,82.0,1,2,H100,1697082684220,1697082684302,120,457,2,"[4, 54, 24]","[1697082684224, 1697082684278, 1697082684302]"
196,245,196,[],200,google/flan-ul2,1,1,520.0,1,2,H100,1697082684303,1697082684823,120,100,20,"[4, 52, 24, 24, 24, 32, 24, 24, 23, 24, 25, 24, 24, 24, 24, 24, 24, 24, 24, 24, 24]","[1697082684307, 1697082684359, 1697082684383, 1697082684407, 1697082684431, 1697082684463, 1697082684487, 1697082684511, 1697082684534, 1697082684558, 1697082684583, 1697082684607, 1697082684631, 1697082684655, 1697082684679, 1697082684703, 1697082684727, 1697082684751, 1697082684775, 1697082684799, 1697082684823]"
197,758,197,[],200,google/flan-ul2,1,1,523.0,1,2,H100,1697082684824,1697082685347,120,84,20,"[4, 53, 24, 24, 24, 24, 24, 24, 24, 24, 25, 32, 25, 24, 24, 24, 24, 24, 24, 24, 24]","[1697082684828, 1697082684881, 1697082684905, 1697082684929, 1697082684953, 1697082684977, 1697082685001, 1697082685025, 1697082685049, 1697082685073, 1697082685098, 1697082685130, 1697082685155, 1697082685179, 1697082685203, 1697082685227, 1697082685251, 1697082685275, 1697082685299, 1697082685323, 1697082685347]"
198,439,198,[],200,google/flan-ul2,1,1,135.0,1,2,H100,1697082685348,1697082685483,120,13,4,"[5, 51, 23, 33, 23]","[1697082685353, 1697082685404, 1697082685427, 1697082685460, 1697082685483]"
199,31,199,[],200,google/flan-ul2,1,1,514.0,1,2,H100,1697082685484,1697082685998,120,84,20,"[4, 53, 24, 24, 24, 23, 24, 24, 24, 24, 24, 24, 24, 24, 24, 24, 25, 24, 24, 24, 25]","[1697082685488, 1697082685541, 1697082685565, 1697082685589, 1697082685613, 1697082685636, 1697082685660, 1697082685684, 1697082685708, 1697082685732, 1697082685756, 1697082685780, 1697082685804, 1697082685828, 1697082685852, 1697082685876, 1697082685901, 1697082685925, 1697082685949, 1697082685973, 1697082685998]"
200,546,200,[],200,google/flan-ul2,1,1,528.0,1,2,H100,1697082685999,1697082686527,120,93,20,"[4, 53, 24, 24, 24, 31, 23, 24, 24, 24, 24, 24, 24, 24, 24, 23, 25, 24, 32, 24, 25]","[1697082686003, 1697082686056, 1697082686080, 1697082686104, 1697082686128, 1697082686159, 1697082686182, 1697082686206, 1697082686230, 1697082686254, 1697082686278, 1697082686302, 1697082686326, 1697082686350, 1697082686374, 1697082686397, 1697082686422, 1697082686446, 1697082686478, 1697082686502, 1697082686527]"
201,134,201,[],200,google/flan-ul2,1,1,516.0,1,2,H100,1697082686527,1697082687043,120,86,20,"[5, 53, 24, 24, 24, 24, 24, 24, 24, 24, 24, 24, 24, 24, 25, 24, 24, 24, 24, 24, 25]","[1697082686532, 1697082686585, 1697082686609, 1697082686633, 1697082686657, 1697082686681, 1697082686705, 1697082686729, 1697082686753, 1697082686777, 1697082686801, 1697082686825, 1697082686849, 1697082686873, 1697082686898, 1697082686922, 1697082686946, 1697082686970, 1697082686994, 1697082687018, 1697082687043]"
202,624,202,[],200,google/flan-ul2,1,1,2942.0,1,2,H100,1697082687044,1697082689986,120,563,119,"[4, 54, 24, 32, 25, 24, 24, 24, 24, 24, 24, 24, 24, 24, 24, 24, 32, 24, 24, 24, 24, 24, 24, 24, 24, 24, 24, 24, 24, 24, 24, 24, 24, 24, 24, 24, 24, 25, 24, 24, 24, 24, 24, 24, 33, 24, 25, 24, 24, 24, 24, 24, 24, 24, 25, 23, 25, 32, 25, 24, 24, 24, 24, 24, 24, 24, 23, 24, 24, 24, 24, 24, 24, 24, 24, 24, 24, 24, 24, 24, 23, 24, 24, 24, 24, 32, 24, 24, 24, 24, 24, 24, 24, 24, 24, 24, 24, 24, 24, 33, 24, 24, 24, 24, 24, 24, 24, 24, 24, 24, 24, 24, 24, 24, 24, 24, 24, 23, 24, 24]","[1697082687048, 1697082687102, 1697082687126, 1697082687158, 1697082687183, 1697082687207, 1697082687231, 1697082687255, 1697082687279, 1697082687303, 1697082687327, 1697082687351, 1697082687375, 1697082687399, 1697082687423, 1697082687447, 1697082687479, 1697082687503, 1697082687527, 1697082687551, 1697082687575, 1697082687599, 1697082687623, 1697082687647, 1697082687671, 1697082687695, 1697082687719, 1697082687743, 1697082687767, 1697082687791, 1697082687815, 1697082687839, 1697082687863, 1697082687887, 1697082687911, 1697082687935, 1697082687959, 1697082687984, 1697082688008, 1697082688032, 1697082688056, 1697082688080, 1697082688104, 1697082688128, 1697082688161, 1697082688185, 1697082688210, 1697082688234, 1697082688258, 1697082688282, 1697082688306, 1697082688330, 1697082688354, 1697082688378, 1697082688403, 1697082688426, 1697082688451, 1697082688483, 1697082688508, 1697082688532, 1697082688556, 1697082688580, 1697082688604, 1697082688628, 1697082688652, 1697082688676, 1697082688699, 1697082688723, 1697082688747, 1697082688771, 1697082688795, 1697082688819, 1697082688843, 1697082688867, 1697082688891, 1697082688915, 1697082688939, 1697082688963, 1697082688987, 1697082689011, 1697082689034, 1697082689058, 1697082689082, 1697082689106, 1697082689130, 1697082689162, 1697082689186, 1697082689210, 1697082689234, 1697082689258, 1697082689282, 1697082689306, 1697082689330, 1697082689354, 1697082689378, 1697082689402, 1697082689426, 1697082689450, 1697082689474, 1697082689507, 1697082689531, 1697082689555, 1697082689579, 1697082689603, 1697082689627, 1697082689651, 1697082689675, 1697082689699, 1697082689723, 1697082689747, 1697082689771, 1697082689795, 1697082689819, 1697082689843, 1697082689867, 1697082689891, 1697082689915, 1697082689938, 1697082689962, 1697082689986]"
203,208,203,[],200,google/flan-ul2,1,1,532.0,1,2,H100,1697082689987,1697082690519,120,96,20,"[5, 54, 24, 24, 24, 23, 33, 24, 24, 24, 24, 24, 24, 24, 24, 24, 24, 24, 24, 24, 33]","[1697082689992, 1697082690046, 1697082690070, 1697082690094, 1697082690118, 1697082690141, 1697082690174, 1697082690198, 1697082690222, 1697082690246, 1697082690270, 1697082690294, 1697082690318, 1697082690342, 1697082690366, 1697082690390, 1697082690414, 1697082690438, 1697082690462, 1697082690486, 1697082690519]"
204,731,204,[],200,google/flan-ul2,1,1,515.0,1,2,H100,1697082690520,1697082691035,120,89,20,"[5, 54, 24, 23, 24, 24, 24, 24, 24, 24, 24, 24, 24, 24, 24, 24, 24, 24, 25, 24, 24]","[1697082690525, 1697082690579, 1697082690603, 1697082690626, 1697082690650, 1697082690674, 1697082690698, 1697082690722, 1697082690746, 1697082690770, 1697082690794, 1697082690818, 1697082690842, 1697082690866, 1697082690890, 1697082690914, 1697082690938, 1697082690962, 1697082690987, 1697082691011, 1697082691035]"
205,319,205,[],200,google/flan-ul2,1,1,55.0,1,2,H100,1697082691036,1697082691091,120,31,1,"[5, 50]","[1697082691041, 1697082691091]"
206,809,206,[],200,google/flan-ul2,1,1,56.0,1,2,H100,1697082691092,1697082691148,120,16,1,"[5, 51]","[1697082691097, 1697082691148]"
207,402,207,[],200,google/flan-ul2,1,1,184.0,1,2,H100,1697082691149,1697082691333,120,457,6,"[5, 60, 24, 24, 24, 23, 24]","[1697082691154, 1697082691214, 1697082691238, 1697082691262, 1697082691286, 1697082691309, 1697082691333]"
208,920,208,[],200,google/flan-ul2,1,1,128.0,1,2,H100,1697082691334,1697082691462,120,96,4,"[4, 53, 24, 23, 24]","[1697082691338, 1697082691391, 1697082691415, 1697082691438, 1697082691462]"
209,476,209,[],200,google/flan-ul2,1,1,1237.0,1,2,H100,1697082691463,1697082692700,120,6,50,"[5, 60, 23, 24, 24, 23, 23, 24, 23, 24, 23, 23, 24, 23, 24, 23, 24, 24, 23, 24, 23, 24, 23, 24, 24, 23, 24, 24, 23, 32, 24, 23, 24, 24, 23, 24, 24, 23, 24, 24, 23, 24, 24, 33, 23, 24, 23, 24, 23, 24, 23]","[1697082691468, 1697082691528, 1697082691551, 1697082691575, 1697082691599, 1697082691622, 1697082691645, 1697082691669, 1697082691692, 1697082691716, 1697082691739, 1697082691762, 1697082691786, 1697082691809, 1697082691833, 1697082691856, 1697082691880, 1697082691904, 1697082691927, 1697082691951, 1697082691974, 1697082691998, 1697082692021, 1697082692045, 1697082692069, 1697082692092, 1697082692116, 1697082692140, 1697082692163, 1697082692195, 1697082692219, 1697082692242, 1697082692266, 1697082692290, 1697082692313, 1697082692337, 1697082692361, 1697082692384, 1697082692408, 1697082692432, 1697082692455, 1697082692479, 1697082692503, 1697082692536, 1697082692559, 1697082692583, 1697082692606, 1697082692630, 1697082692653, 1697082692677, 1697082692700]"
210,66,210,[],200,google/flan-ul2,1,1,524.0,1,2,H100,1697082692701,1697082693225,120,84,20,"[5, 53, 24, 24, 24, 23, 24, 24, 24, 24, 24, 24, 24, 24, 25, 24, 24, 24, 24, 34, 24]","[1697082692706, 1697082692759, 1697082692783, 1697082692807, 1697082692831, 1697082692854, 1697082692878, 1697082692902, 1697082692926, 1697082692950, 1697082692974, 1697082692998, 1697082693022, 1697082693046, 1697082693071, 1697082693095, 1697082693119, 1697082693143, 1697082693167, 1697082693201, 1697082693225]"
211,581,211,[],200,google/flan-ul2,1,1,521.0,1,2,H100,1697082693226,1697082693747,120,47,20,"[4, 51, 24, 25, 23, 24, 24, 24, 24, 24, 24, 33, 24, 24, 24, 23, 24, 25, 24, 24, 25]","[1697082693230, 1697082693281, 1697082693305, 1697082693330, 1697082693353, 1697082693377, 1697082693401, 1697082693425, 1697082693449, 1697082693473, 1697082693497, 1697082693530, 1697082693554, 1697082693578, 1697082693602, 1697082693625, 1697082693649, 1697082693674, 1697082693698, 1697082693722, 1697082693747]"
212,169,212,[],200,google/flan-ul2,1,1,57.0,1,2,H100,1697082693748,1697082693805,120,10,1,"[4, 52]","[1697082693752, 1697082693804]"
213,782,213,[],200,google/flan-ul2,1,1,524.0,1,2,H100,1697082693805,1697082694329,120,90,20,"[5, 53, 24, 24, 23, 24, 24, 24, 24, 25, 24, 24, 24, 24, 24, 33, 24, 24, 24, 24, 24]","[1697082693810, 1697082693863, 1697082693887, 1697082693911, 1697082693934, 1697082693958, 1697082693982, 1697082694006, 1697082694030, 1697082694055, 1697082694079, 1697082694103, 1697082694127, 1697082694151, 1697082694175, 1697082694208, 1697082694232, 1697082694256, 1697082694280, 1697082694304, 1697082694328]"
214,367,214,[],200,google/flan-ul2,1,1,178.0,1,2,H100,1697082694329,1697082694507,120,92,6,"[5, 53, 25, 24, 24, 24, 23]","[1697082694334, 1697082694387, 1697082694412, 1697082694436, 1697082694460, 1697082694484, 1697082694507]"
215,889,215,[],200,google/flan-ul2,1,1,524.0,1,2,H100,1697082694508,1697082695032,120,86,20,"[5, 63, 24, 24, 23, 24, 24, 24, 24, 24, 25, 24, 24, 24, 24, 24, 24, 24, 24, 24, 24]","[1697082694513, 1697082694576, 1697082694600, 1697082694624, 1697082694647, 1697082694671, 1697082694695, 1697082694719, 1697082694743, 1697082694767, 1697082694792, 1697082694816, 1697082694840, 1697082694864, 1697082694888, 1697082694912, 1697082694936, 1697082694960, 1697082694984, 1697082695008, 1697082695032]"
216,449,216,[],200,google/flan-ul2,1,1,530.0,1,2,H100,1697082695033,1697082695563,120,86,20,"[4, 53, 23, 24, 24, 24, 32, 24, 24, 24, 24, 24, 24, 24, 24, 24, 25, 25, 24, 24, 32]","[1697082695037, 1697082695090, 1697082695113, 1697082695137, 1697082695161, 1697082695185, 1697082695217, 1697082695241, 1697082695265, 1697082695289, 1697082695313, 1697082695337, 1697082695361, 1697082695385, 1697082695409, 1697082695433, 1697082695458, 1697082695483, 1697082695507, 1697082695531, 1697082695563]"
217,32,217,[],200,google/flan-ul2,1,1,179.0,1,2,H100,1697082695564,1697082695743,120,140,6,"[5, 54, 24, 24, 24, 24, 24]","[1697082695569, 1697082695623, 1697082695647, 1697082695671, 1697082695695, 1697082695719, 1697082695743]"
218,552,218,[],200,google/flan-ul2,1,1,522.0,1,2,H100,1697082695744,1697082696266,120,87,20,"[4, 52, 24, 24, 24, 24, 24, 24, 24, 24, 24, 25, 24, 24, 24, 24, 25, 24, 24, 32, 24]","[1697082695748, 1697082695800, 1697082695824, 1697082695848, 1697082695872, 1697082695896, 1697082695920, 1697082695944, 1697082695968, 1697082695992, 1697082696016, 1697082696041, 1697082696065, 1697082696089, 1697082696113, 1697082696137, 1697082696162, 1697082696186, 1697082696210, 1697082696242, 1697082696266]"
219,142,219,[],200,google/flan-ul2,1,1,518.0,1,2,H100,1697082696267,1697082696785,120,52,20,"[4, 51, 24, 24, 24, 24, 24, 24, 24, 24, 24, 32, 24, 24, 23, 24, 24, 24, 24, 24, 24]","[1697082696271, 1697082696322, 1697082696346, 1697082696370, 1697082696394, 1697082696418, 1697082696442, 1697082696466, 1697082696490, 1697082696514, 1697082696538, 1697082696570, 1697082696594, 1697082696618, 1697082696641, 1697082696665, 1697082696689, 1697082696713, 1697082696737, 1697082696761, 1697082696785]"
220,626,220,[],200,google/flan-ul2,1,1,57.0,1,2,H100,1697082696786,1697082696843,120,10,1,"[5, 52]","[1697082696791, 1697082696843]"
221,223,221,[],200,google/flan-ul2,1,1,57.0,1,2,H100,1697082696844,1697082696901,120,16,1,"[4, 53]","[1697082696848, 1697082696901]"
222,737,222,[],200,google/flan-ul2,1,1,82.0,1,2,H100,1697082696902,1697082696984,120,216,2,"[5, 52, 25]","[1697082696907, 1697082696959, 1697082696984]"
223,298,223,[],200,google/flan-ul2,1,1,54.0,1,2,H100,1697082696985,1697082697039,120,17,1,"[4, 50]","[1697082696989, 1697082697039]"
224,819,224,[],200,google/flan-ul2,1,1,56.0,1,2,H100,1697082697040,1697082697096,120,13,1,"[5, 51]","[1697082697045, 1697082697096]"
225,402,225,[],200,google/flan-ul2,1,1,186.0,1,2,H100,1697082697097,1697082697283,120,457,6,"[4, 53, 25, 25, 31, 24, 24]","[1697082697101, 1697082697154, 1697082697179, 1697082697204, 1697082697235, 1697082697259, 1697082697283]"
226,919,226,[],200,google/flan-ul2,1,1,57.0,1,2,H100,1697082697284,1697082697341,120,14,1,"[5, 52]","[1697082697289, 1697082697341]"
227,600,227,[],200,google/flan-ul2,1,1,54.0,1,2,H100,1697082697343,1697082697397,120,23,1,"[4, 50]","[1697082697347, 1697082697397]"
228,184,228,[],200,google/flan-ul2,1,1,525.0,1,2,H100,1697082697398,1697082697923,120,87,20,"[4, 53, 24, 25, 24, 32, 25, 24, 24, 24, 24, 25, 24, 24, 24, 24, 25, 24, 24, 24, 24]","[1697082697402, 1697082697455, 1697082697479, 1697082697504, 1697082697528, 1697082697560, 1697082697585, 1697082697609, 1697082697633, 1697082697657, 1697082697681, 1697082697706, 1697082697730, 1697082697754, 1697082697778, 1697082697802, 1697082697827, 1697082697851, 1697082697875, 1697082697899, 1697082697923]"
229,710,229,[],200,google/flan-ul2,1,1,57.0,1,2,H100,1697082697925,1697082697982,120,14,1,"[4, 53]","[1697082697929, 1697082697982]"
230,271,230,[],200,google/flan-ul2,1,1,526.0,1,2,H100,1697082697983,1697082698509,120,87,20,"[6, 53, 24, 24, 24, 24, 24, 24, 24, 33, 24, 24, 24, 24, 24, 25, 24, 24, 24, 24, 25]","[1697082697989, 1697082698042, 1697082698066, 1697082698090, 1697082698114, 1697082698138, 1697082698162, 1697082698186, 1697082698210, 1697082698243, 1697082698267, 1697082698291, 1697082698315, 1697082698339, 1697082698363, 1697082698388, 1697082698412, 1697082698436, 1697082698460, 1697082698484, 1697082698509]"
231,784,231,[],200,google/flan-ul2,1,1,522.0,1,2,H100,1697082698510,1697082699032,120,89,20,"[5, 61, 24, 24, 24, 24, 24, 23, 24, 24, 24, 25, 24, 24, 24, 24, 24, 24, 24, 24, 24]","[1697082698515, 1697082698576, 1697082698600, 1697082698624, 1697082698648, 1697082698672, 1697082698696, 1697082698719, 1697082698743, 1697082698767, 1697082698791, 1697082698816, 1697082698840, 1697082698864, 1697082698888, 1697082698912, 1697082698936, 1697082698960, 1697082698984, 1697082699008, 1697082699032]"
232,374,232,[],200,google/flan-ul2,1,1,521.0,1,2,H100,1697082699033,1697082699554,120,85,20,"[5, 52, 24, 24, 24, 24, 24, 24, 32, 24, 24, 24, 23, 24, 24, 24, 24, 24, 24, 24, 24]","[1697082699038, 1697082699090, 1697082699114, 1697082699138, 1697082699162, 1697082699186, 1697082699210, 1697082699234, 1697082699266, 1697082699290, 1697082699314, 1697082699338, 1697082699361, 1697082699385, 1697082699409, 1697082699433, 1697082699457, 1697082699481, 1697082699505, 1697082699529, 1697082699553]"
233,892,233,[],200,google/flan-ul2,1,1,522.0,1,2,H100,1697082699554,1697082700076,120,87,20,"[5, 61, 24, 24, 23, 24, 24, 24, 24, 24, 24, 24, 23, 25, 24, 24, 24, 24, 24, 25, 24]","[1697082699559, 1697082699620, 1697082699644, 1697082699668, 1697082699691, 1697082699715, 1697082699739, 1697082699763, 1697082699787, 1697082699811, 1697082699835, 1697082699859, 1697082699882, 1697082699907, 1697082699931, 1697082699955, 1697082699979, 1697082700003, 1697082700027, 1697082700052, 1697082700076]"
234,450,234,[],200,google/flan-ul2,1,1,532.0,1,2,H100,1697082700077,1697082700609,120,91,20,"[4, 53, 24, 24, 24, 24, 33, 24, 23, 25, 24, 24, 24, 24, 24, 24, 24, 24, 24, 33, 25]","[1697082700081, 1697082700134, 1697082700158, 1697082700182, 1697082700206, 1697082700230, 1697082700263, 1697082700287, 1697082700310, 1697082700335, 1697082700359, 1697082700383, 1697082700407, 1697082700431, 1697082700455, 1697082700479, 1697082700503, 1697082700527, 1697082700551, 1697082700584, 1697082700609]"
235,41,235,[],200,google/flan-ul2,1,1,1076.0,1,2,H100,1697082700610,1697082701686,120,39,43,"[4, 51, 24, 24, 24, 23, 24, 24, 23, 24, 24, 24, 24, 24, 23, 24, 24, 24, 24, 24, 24, 24, 24, 24, 24, 24, 33, 24, 24, 23, 24, 24, 24, 24, 24, 24, 24, 24, 24, 24, 32, 24, 24, 24]","[1697082700614, 1697082700665, 1697082700689, 1697082700713, 1697082700737, 1697082700760, 1697082700784, 1697082700808, 1697082700831, 1697082700855, 1697082700879, 1697082700903, 1697082700927, 1697082700951, 1697082700974, 1697082700998, 1697082701022, 1697082701046, 1697082701070, 1697082701094, 1697082701118, 1697082701142, 1697082701166, 1697082701190, 1697082701214, 1697082701238, 1697082701271, 1697082701295, 1697082701319, 1697082701342, 1697082701366, 1697082701390, 1697082701414, 1697082701438, 1697082701462, 1697082701486, 1697082701510, 1697082701534, 1697082701558, 1697082701582, 1697082701614, 1697082701638, 1697082701662, 1697082701686]"
236,560,236,[],200,google/flan-ul2,1,1,342.0,1,2,H100,1697082701687,1697082702029,120,161,13,"[5, 53, 24, 23, 24, 23, 24, 23, 24, 24, 24, 23, 24, 24]","[1697082701692, 1697082701745, 1697082701769, 1697082701792, 1697082701816, 1697082701839, 1697082701863, 1697082701886, 1697082701910, 1697082701934, 1697082701958, 1697082701981, 1697082702005, 1697082702029]"
237,119,237,[],200,google/flan-ul2,1,1,55.0,1,2,H100,1697082702030,1697082702085,120,31,1,"[5, 50]","[1697082702035, 1697082702085]"
238,641,238,[],200,google/flan-ul2,1,1,1242.0,1,2,H100,1697082702086,1697082703328,120,16,50,"[4, 52, 24, 24, 23, 24, 24, 32, 24, 23, 24, 24, 23, 24, 24, 23, 24, 23, 24, 23, 33, 24, 23, 24, 23, 24, 24, 23, 24, 23, 24, 23, 24, 24, 24, 23, 24, 23, 24, 24, 24, 23, 24, 23, 24, 24, 23, 24, 33, 24, 24]","[1697082702090, 1697082702142, 1697082702166, 1697082702190, 1697082702213, 1697082702237, 1697082702261, 1697082702293, 1697082702317, 1697082702340, 1697082702364, 1697082702388, 1697082702411, 1697082702435, 1697082702459, 1697082702482, 1697082702506, 1697082702529, 1697082702553, 1697082702576, 1697082702609, 1697082702633, 1697082702656, 1697082702680, 1697082702703, 1697082702727, 1697082702751, 1697082702774, 1697082702798, 1697082702821, 1697082702845, 1697082702868, 1697082702892, 1697082702916, 1697082702940, 1697082702963, 1697082702987, 1697082703010, 1697082703034, 1697082703058, 1697082703082, 1697082703105, 1697082703129, 1697082703152, 1697082703176, 1697082703200, 1697082703223, 1697082703247, 1697082703280, 1697082703304, 1697082703328]"
239,226,239,[],200,google/flan-ul2,1,1,1176.0,1,2,H100,1697082703329,1697082704505,120,216,47,"[4, 54, 24, 24, 24, 24, 24, 24, 24, 23, 33, 24, 24, 24, 24, 24, 24, 24, 24, 24, 24, 24, 24, 24, 23, 24, 24, 24, 24, 24, 24, 24, 24, 24, 24, 24, 24, 24, 32, 24, 24, 23, 24, 24, 24, 24, 24, 24]","[1697082703333, 1697082703387, 1697082703411, 1697082703435, 1697082703459, 1697082703483, 1697082703507, 1697082703531, 1697082703555, 1697082703578, 1697082703611, 1697082703635, 1697082703659, 1697082703683, 1697082703707, 1697082703731, 1697082703755, 1697082703779, 1697082703803, 1697082703827, 1697082703851, 1697082703875, 1697082703899, 1697082703923, 1697082703946, 1697082703970, 1697082703994, 1697082704018, 1697082704042, 1697082704066, 1697082704090, 1697082704114, 1697082704138, 1697082704162, 1697082704186, 1697082704210, 1697082704234, 1697082704258, 1697082704290, 1697082704314, 1697082704338, 1697082704361, 1697082704385, 1697082704409, 1697082704433, 1697082704457, 1697082704481, 1697082704505]"
240,745,240,[],200,google/flan-ul2,1,1,55.0,1,2,H100,1697082704506,1697082704561,120,17,1,"[4, 51]","[1697082704510, 1697082704561]"
241,420,241,[],200,google/flan-ul2,1,1,520.0,1,2,H100,1697082704562,1697082705082,120,52,20,"[4, 61, 24, 24, 24, 23, 24, 24, 24, 24, 24, 24, 24, 24, 24, 24, 24, 24, 24, 24, 24]","[1697082704566, 1697082704627, 1697082704651, 1697082704675, 1697082704699, 1697082704722, 1697082704746, 1697082704770, 1697082704794, 1697082704818, 1697082704842, 1697082704866, 1697082704890, 1697082704914, 1697082704938, 1697082704962, 1697082704986, 1697082705010, 1697082705034, 1697082705058, 1697082705082]"
